2023-03-01 00:00:13	-146.46	789.27	46.77	2.562	2.062	25.018	75.969	0.1284	2	131078	131080
2023-03-01 00:10:14	-146.46	789.69	47.24	2.5	1.875	25.128	75.786	0.0914	1	65540	65541
2023-03-01 00:30:13	-146.46	789.68	47.55	2.437	1.75	25.078	75.87	0.1556	2	131079	131081
2023-03-01 00:40:14	-146.46	789.71	47.6	2.437	1.75	45.888	50.014	0.1284	2	131078	131080
2023-03-01 00:50:13	-146.46	789.71	47.73	2.375	1.812	45.868	50.037	0.0914	1	65540	65541
2023-03-01 01:00:14	-146.46	790.04	48.14	2.312	1.5	45.882	50.021	0.0642	1	65539	65540
2023-03-01 01:10:14	-146.46	790.2	48.93	2.25	1.375	45.841	50.069	0.0642	1	65539	65540
2023-03-01 01:20:14	-146.46	789.92	48.64	2.187	1.562	25.079	75.869	0.0642	1	65539	65540
2023-03-01 01:30:13	-146.46	790.38	49.55	2.125	1.312	25.109	75.818	0.0914	1	65540	65541
2023-03-01 01:40:14	-146.46	790.45	50.25	2.062	1.187	25.071	75.882	0.0642	1	65539	65540
2023-03-01 01:50:13	-146.46	790.37	50.01	2.0	1.312	45.906	49.993	0.0642	1	65539	65540
2023-03-01 02:10:26	-146.46	789.88	49.84	1.937	1.312	25.12	75.8	0.0642	1	65539	65540
2023-03-01 02:00:14	-146.46	790.28	50.24	2.0	1.25	45.947	49.945	0.0642	1	65539	65540
2023-03-01 02:20:26	-146.46	790.16	50.7	1.937	1.187	45.882	50.021	0.0642	1	65539	65540
2023-03-01 02:30:14	-146.46	790.03	50.53	1.875	1.187	45.91	49.988	0.0642	1	65539	65540
2023-03-01 02:40:13	-146.46	790.03	50.68	1.875	1.125	45.932	49.962	0.0642	1	65539	65540
2023-03-01 02:50:14	-146.46	790.09	51.12	1.75	0.937	45.901	49.999	0.0642	1	65539	65540
2023-03-01 03:00:13	-146.46	790.01	51.15	1.625	1.125	25.188	75.687	0.0642	1	65539	65540
2023-03-01 03:10:13	-146.46	790.84	53.08	1.562	0.625	25.431	75.281	0.0642	1	65539	65540
2023-03-01 03:20:14	-146.46	791.05	54.42	1.437	0.437	25.213	75.644	0.0642	1	65539	65540
2023-03-01 03:30:13	-146.46	790.54	53.48	1.375	0.75	25.145	75.758	0.0642	1	65539	65540
2023-03-01 03:40:13	-146.46	790.49	53.59	1.312	0.687	24.631	76.492	0.0642	1	65539	65540
2023-03-01 03:50:14	-146.46	790.33	53.73	1.312	0.812	24.612	76.517	0.0642	1	65539	65540
2023-03-01 04:00:13	-146.46	790.2	53.26	1.25	0.625	24.695	76.406	0.0642	1	65539	65540
2023-03-01 04:10:13	-146.46	790.55	54.63	1.25	0.687	24.545	76.606	0.0642	1	65539	65540
2023-03-01 04:20:14	-146.46	790.41	54.82	1.187	0.25	24.622	76.504	0.0642	1	65539	65540
2023-03-01 04:30:14	-146.46	790.59	55.44	1.125	0.437	24.56	76.586	0.0642	1	65539	65540
2023-03-01 04:40:13	-146.46	790.45	55.43	1.062	0.562	24.638	76.483	0.0642	1	65539	65540
2023-03-01 04:50:14	-146.46	790.4	55.89	1.062	0.5	24.569	76.575	0.0642	1	65539	65540
2023-03-01 05:00:14	-146.46	790.4	55.91	1.0	0.375	24.608	76.523	0.0642	1	65539	65540
2023-03-01 05:10:13	-146.46	790.12	54.87	1.062	0.75	24.21	77.054	0.0642	1	65539	65540
2023-03-01 05:20:14	-146.46	790.28	55.24	1.0	0.625	24.582	76.558	0.1458	1	65542	65543
2023-03-01 05:30:13	-146.46	790.33	55.61	0.937	0.437	24.149	77.135	0.0642	1	65539	65540
2023-03-01 05:40:13	-146.46	790.14	55.2	0.875	0.687	24.605	76.527	0.0642	1	65539	65540
2023-03-01 05:50:14	-146.46	790.83	57.46	0.812	0.0	24.557	76.591	0.0642	1	65539	65540
2023-03-01 06:00:13	-146.46	790.69	57.73	0.812	0.187	24.562	76.585	0.0642	1	65539	65540
2023-03-01 06:10:14	-146.46	790.51	57.8	0.75	0.437	24.584	76.555	0.0642	1	65539	65540
2023-03-01 06:20:13	-146.46	790.45	57.89	0.687	0.125	24.526	76.632	0.0642	1	65539	65540
2023-03-01 06:30:14	-146.46	790.44	58.09	0.687	0.125	24.608	76.522	0.0642	1	65539	65540
2023-03-01 06:40:14	-146.46	790.91	59.76	0.625	-0.187	24.595	76.54	0.1186	1	65541	65542
2023-03-01 06:50:13	-146.46	790.56	59.37	0.562	0.0	24.613	76.516	0.1012	2	131077	131079
2023-03-01 07:00:14	-146.46	790.9	60.91	0.562	-0.187	24.545	76.606	0.321	5	327695	327700
2023-03-01 07:10:13	-146.46	790.83	61.3	0.5	-0.187	24.633	76.489	0.2448	1	65537	65538
2023-03-01 07:20:13	-146.46	790.1	59.33	0.562	0.25	24.621	76.505	3.264	5	327688	327693
2023-03-01 07:30:14	-146.46	790.76	61.39	0.5	-0.187	24.603	76.53	9.792	15	983064	983079
2023-03-01 07:40:14	-146.46	790.5	61.94	0.5	-0.062	24.612	76.518	23.664	30	1966134	1966164
2023-03-01 07:50:14	-146.46	791.02	63.97	0.5	-0.375	24.561	76.585	41.4528	61	3997796	3997857
2023-03-01 08:00:16	-146.46	791.03	64.55	0.562	-0.5	24.624	76.501	64.056	95	6226075	6226170
2023-03-01 08:10:14	-146.46	790.59	63.9	0.625	-0.187	24.586	76.552	88.5088	131	8585430	8585561
2023-03-01 08:20:15	-146.46	791.1	64.97	0.812	-0.25	24.598	76.536	114.6208	171	11206934	11207105
2023-03-01 08:30:14	-146.46	791.0	65.65	0.812	-0.375	24.56	76.587	130.3968	191	12517690	12517881
2023-03-01 08:40:14	-146.46	790.58	64.36	1.0	0.0	24.628	76.496	138.8832	184	12058946	12059130
2023-03-01 08:50:14	-146.46	790.15	63.22	1.062	0.437	24.616	76.511	151.5312	194	12714331	12714525
2023-03-01 09:00:14	-146.46	790.52	64.92	1.125	0.062	25.083	75.862	180.2272	239	15663522	15663761
2023-03-01 09:10:14	-146.46	790.35	64.99	1.25	0.375	25.139	75.768	215.6688	306	20054529	20054835
2023-03-01 09:20:13	-146.46	790.18	63.98	1.437	0.562	45.859	50.049	254.7552	374	24511078	24511452
2023-03-01 09:30:14	-146.46	789.82	62.94	1.687	0.75	46.374	49.442	253.232	365	23921246	23921611
2023-03-01 09:40:15	-146.46	789.41	62.15	1.75	1.125	46.305	49.524	261.8	375	24576625	24577000
2023-03-01 09:50:14	-146.46	789.22	61.3	1.812	1.312	46.321	49.505	237.0752	324	21234220	21234544
2023-03-01 10:00:14	-146.46	789.2	60.92	1.812	1.187	46.334	49.49	270.7488	381	24969858	24970239
2023-03-01 10:10:13	-146.46	788.91	60.52	1.812	1.437	46.267	49.569	295.1472	414	27132603	27133017
2023-03-01 10:20:14	-146.46	788.66	59.49	2.187	1.625	46.347	49.475	263.704	355	23265895	23266250
2023-03-01 10:30:13	-146.46	788.19	58.49	2.312	1.937	46.323	49.502	283.8864	393	25756317	25756710
2023-03-01 10:40:13	-146.46	787.88	57.56	2.5	2.187	46.312	49.515	292.9984	408	26739380	26739788
2023-03-01 10:50:14	-146.46	787.56	56.67	2.687	2.437	45.919	49.977	296.9424	413	27067069	27067482
2023-03-01 11:00:14	-146.46	787.44	56.22	2.75	2.437	45.944	49.948	319.3008	446	29229811	29230257
2023-03-01 11:20:27	-146.46	786.58	54.72	3.25	3.062	25.011	75.982	393.5568	591	38732733	38733324
2023-03-01 11:10:14	-146.46	786.9	55.29	2.937	2.875	24.483	76.69	347.344	530	34734930	34735460
2023-03-01 11:30:28	-146.46	786.15	52.67	3.437	3.312	24.956	76.059	347.344	530	34734930	34735460
2023-03-01 11:40:14	-146.46	786.22	52.24	3.437	3.375	25.039	75.935	311.6576	462	30278386	30278848
2023-03-01 11:50:14	-146.46	786.16	52.2	3.375	3.375	24.634	76.488	313.6432	484	31720195	31720679
2023-03-01 12:00:14	-146.46	785.99	52.43	3.312	3.5	24.618	76.509	342.312	565	37028705	37029270
2023-03-01 12:10:14	-146.46	785.4	51.8	3.312	3.937	24.557	76.591	366.3024	613	40174499	40175112
2023-03-01 12:20:14	-146.46	785.05	50.87	3.687	4.125	24.602	76.531	482.6096	877	57476343	57477220
2023-03-01 12:30:14	-146.46	784.47	49.98	4.0	4.687	24.169	77.108	588.6896	1102	72222243	72223345
2023-03-01 12:40:14	-146.46	784.11	48.24	4.437	4.937	24.755	76.327	627.9664	1168	76547719	76548887
2023-03-01 12:50:14	-146.46	783.88	47.98	4.687	5.062	24.616	76.511	658.3216	1192	78120643	78121835
2023-03-01 13:00:15	-146.46	783.54	47.35	4.75	5.125	24.58	76.56	636.3984	1108	72615533	72616641
2023-03-01 13:10:15	-146.46	783.4	47.32	4.937	5.312	24.822	76.238	524.824	780	51119351	51120131
2023-03-01 13:20:52	-146.46	782.92	46.7	5.125	5.312	24.945	76.073	431.0112	544	35652566	35653110
2023-03-01 13:30:14	-146.46	782.71	46.86	5.187	5.625	24.598	76.537	411.9168	491	32179096	32179587
2023-03-01 13:40:15	-146.46	782.21	46.07	5.187	6.062	24.62	76.506	402.56	475	31130496	31130971
2023-03-01 13:50:14	-146.46	782.31	46.32	5.187	5.875	24.181	77.092	450.6224	663	43451455	43452118
2023-03-01 14:00:14	-146.46	781.64	45.97	5.375	6.312	24.204	77.061	488.2672	789	51709127	51709916
2023-03-01 14:10:14	-146.46	781.38	45.44	5.562	6.375	24.185	77.087	577.5104	1023	67044832	67045855
2023-03-01 14:20:14	-146.46	780.42	44.26	5.812	6.937	23.811	77.586	677.7424	1238	81135357	81136595
2023-03-01 14:30:14	-146.46	780.41	44.06	6.125	6.937	23.369	78.174	730.3744	1328	87033732	87035060
2023-03-01 14:40:14	-146.46	780.49	44.27	6.187	6.75	23.807	77.591	651.6848	1101	72156799	72157900
2023-03-01 14:50:15	-146.46	780.38	43.83	6.312	6.75	23.385	78.153	684.488	1185	77661925	77663110
2023-03-01 15:00:15	-146.46	779.52	43.16	6.312	7.187	23.427	78.097	678.9392	1179	77268697	77269876
2023-03-01 15:10:14	-146.46	779.86	43.85	6.312	6.937	23.376	78.165	665.5024	1163	76220091	76221254
2023-03-01 15:20:14	-146.46	779.39	43.37	6.5	7.187	23.44	78.081	675.0496	1202	78776034	78777236
2023-03-01 15:30:14	-146.46	779.12	43.13	6.562	7.25	23.453	78.063	722.6496	1302	85329768	85331070
2023-03-01 15:40:15	-146.46	779.07	43.03	6.625	7.375	23.36	78.187	757.4928	1386	90834897	90836283
2023-03-01 15:50:15	-146.46	778.8	42.63	6.812	7.437	23.413	78.115	905.1344	1703	111610229	111611932
2023-03-01 16:00:14	-146.46	778.79	42.88	7.0	7.437	23.436	78.085	1174.5504	2248	147328094	147330342
2023-03-01 16:10:22	-146.46	778.45	43.72	7.125	7.75	23.437	78.085	1261.264	2630	172363218	172365848
2023-03-01 16:20:15	-146.46	777.76	42.92	8.875	8.125	25.208	75.653	1107.6928	2311	151456804	151459115
2023-03-01 16:30:14	-146.46	778.0	42.72	11.625	7.875	46.438	49.367	1039.4752	2299	150670264	150672563
2023-03-01 16:40:15	-146.46	778.54	43.71	12.875	7.312	46.446	49.358	636.1808	1346	88213253	88214599
2023-03-01 16:50:15	-146.46	778.88	44.23	12.187	7.062	46.39	49.424	630.3328	1411	92473126	92474537
2023-03-01 17:00:15	-146.46	778.86	43.97	13.25	7.0	46.441	49.364	516.2832	1184	77596141	77597325
2023-03-01 17:10:14	-146.46	779.01	44.63	12.687	6.812	46.496	49.299	429.8688	956	62653660	62654616
2023-03-01 17:20:14	-146.46	779.2	44.58	14.5	6.687	46.489	49.308	330.6704	673	44106645	44107318
2023-03-01 17:30:14	-146.46	779.49	44.98	11.5	6.5	46.669	49.095	243.7936	432	28312187	28312619
2023-03-01 17:40:14	-146.46	779.57	45.15	8.5	6.312	24.726	76.366	205.1152	424	27787837	27788261
2023-03-01 17:50:15	-146.46	779.72	45.35	7.187	6.312	23.798	77.603	168.5856	372	24379878	24380250
2023-03-01 18:00:14	-146.46	779.84	45.54	6.5	6.125	23.847	77.537	105.0464	193	12648726	12648919
2023-03-01 18:10:14	-146.46	779.96	46.05	6.0	6.125	24.221	77.039	70.1488	156	10223819	10223975
2023-03-01 18:20:13	-146.46	780.22	45.79	5.687	5.75	24.209	77.055	42.5136	82	5374067	5374149
2023-03-01 18:30:13	-146.46	780.41	46.35	5.437	5.562	24.548	76.602	19.3936	32	2097201	2097233
2023-03-01 18:40:13	-146.46	780.66	46.62	5.187	5.437	24.708	76.39	6.5824	13	851986	851999
2023-03-01 18:50:14	-146.46	780.8	46.74	5.0	5.312	24.699	76.402	2.0944	3	196613	196616
2023-03-01 19:00:14	-146.46	780.95	46.43	4.937	5.25	24.727	76.364	0.68	0	1	1
2023-03-01 19:10:20	-146.46	781.08	46.39	4.812	5.125	24.656	76.459	0.2296	4	262155	262159
2023-03-01 19:20:14	-146.46	781.31	46.45	4.687	5.062	24.206	77.059	0.21	2	131081	131083
2023-03-01 19:30:14	-146.46	781.5	46.33	4.625	4.937	24.699	76.402	0.1828	2	131080	131082
2023-03-01 19:40:14	-146.46	781.59	46.52	4.5	4.937	24.575	76.567	0.21	2	131081	131083
2023-03-01 19:50:13	-146.46	781.73	46.6	4.437	4.687	24.577	76.563	0.21	2	131081	131083
2023-03-01 20:00:15	-146.46	781.83	46.49	4.375	4.562	24.618	76.51	0.2372	2	131082	131084
2023-03-01 20:10:14	-146.46	781.97	46.82	4.312	4.5	24.686	76.419	0.2198	3	196618	196621
2023-03-01 20:20:14	-146.46	781.93	47.18	4.187	4.437	24.21	77.053	0.2372	2	131082	131084
2023-03-01 20:30:13	-146.46	781.98	47.39	4.125	4.375	24.484	76.688	0.1284	2	131078	131080
2023-03-01 20:40:14	-146.46	781.94	47.87	4.125	4.312	24.782	76.29	0.1284	2	131078	131080
2023-03-01 20:50:13	-146.46	782.07	47.93	4.0	4.25	24.604	76.528	0.1284	2	131078	131080
2023-03-01 21:00:15	-146.46	782.2	48.24	3.937	4.125	24.862	76.184	0.1284	2	131078	131080
2023-03-01 21:10:14	-146.46	782.42	48.56	3.875	3.875	25.039	75.935	0.3014	3	196621	196624
2023-03-01 21:20:14	-146.46	782.46	48.73	3.812	3.875	25.068	75.886	0.1556	2	131079	131081
2023-03-01 21:30:13	-146.46	782.4	48.48	3.75	3.875	25.052	75.914	0.1556	2	131079	131081
2023-03-01 21:40:14	-146.46	782.62	48.58	3.687	3.75	25.071	75.882	0.1284	2	131078	131080
2023-03-01 21:50:14	-146.46	782.59	49.01	3.625	3.75	25.125	75.791	0.1284	2	131078	131080
2023-03-01 22:00:18	-146.46	782.61	49.26	3.625	3.687	45.985	49.9	0.1556	2	131079	131081
2023-03-01 22:10:13	-146.46	782.76	49.68	3.562	3.562	45.976	49.911	0.247	3	196619	196622
2023-03-01 22:20:14	-146.46	782.63	49.66	3.5	3.562	45.949	49.942	0.21	2	131081	131083
2023-03-01 22:30:14	-146.46	782.81	49.93	3.5	3.312	45.957	49.932	0.21	2	131081	131083
2023-03-01 22:40:14	-146.46	783.12	50.74	3.437	3.062	46.001	49.881	0.1828	2	131080	131082
2023-03-01 22:50:14	-146.46	782.98	50.95	3.375	3.125	46.012	49.868	0.21	2	131081	131083
2023-03-01 23:00:13	-146.46	783.32	51.47	3.312	2.875	46.325	49.5	0.1556	2	131079	131081
2023-03-01 23:10:14	-146.46	783.08	51.72	3.25	3.0	46.369	49.448	0.1284	2	131078	131080
2023-03-01 23:20:13	-146.46	783.0	51.66	3.187	3.0	46.36	49.458	0.1284	2	131078	131080
2023-03-01 23:30:13	-146.46	783.21	52.54	3.125	3.0	46.342	49.48	0.1284	2	131078	131080
2023-03-01 23:40:14	-146.46	783.3	52.67	3.062	2.812	46.401	49.41	0.1284	2	131078	131080
2023-03-01 23:50:14	-146.46	783.39	53.1	3.062	2.562	46.341	49.481	0.1556	2	131079	131081
2023-03-02 00:00:14	-146.46	783.33	52.98	3.0	2.5	46.411	49.399	0.1284	2	131078	131080
2023-03-02 00:10:14	-146.46	783.38	53.36	2.937	2.562	45.936	49.958	0.1284	2	131078	131080
2023-03-02 00:20:13	-146.46	783.74	54.39	2.875	2.312	46.408	49.402	0.1012	2	131077	131079
2023-03-02 00:30:13	-146.46	783.8	54.96	2.812	2.25	46.353	49.467	0.1012	2	131077	131079
2023-03-02 00:40:14	-146.46	783.65	55.25	2.75	2.312	46.34	49.482	0.1012	2	131077	131079
2023-03-02 00:50:13	-146.46	783.77	55.51	2.687	2.062	46.361	49.458	0.1284	2	131078	131080
2023-03-02 01:00:14	-146.46	783.56	55.44	2.687	2.312	45.907	49.991	0.1012	2	131077	131079
2023-03-02 01:10:13	-146.46	784.15	57.15	2.625	1.75	46.333	49.49	0.0914	1	65540	65541
2023-03-02 01:20:14	-146.46	783.88	56.59	2.562	2.125	45.926	49.969	0.0914	1	65540	65541
2023-03-02 01:30:13	-146.46	784.45	58.02	2.5	1.625	45.904	49.995	0.0914	1	65540	65541
2023-03-02 01:40:14	-146.46	784.2	58.18	2.5	1.812	45.97	49.917	0.0642	1	65539	65540
2023-03-02 01:50:13	-146.46	784.13	57.93	2.437	1.812	45.914	49.983	0.0914	1	65540	65541
2023-03-02 02:00:14	-146.46	784.0	57.62	2.437	1.875	45.887	50.015	0.1186	1	65541	65542
2023-03-02 02:10:13	-146.46	784.19	58.06	2.375	1.687	45.89	50.011	0.0642	1	65539	65540
2023-03-02 02:20:13	-146.46	784.12	58.3	2.375	1.687	45.874	50.031	0.0642	1	65539	65540
2023-03-02 02:30:14	-146.46	783.94	57.91	2.312	1.937	45.899	50.001	0.0642	1	65539	65540
2023-03-02 02:40:13	-146.46	784.32	59.12	2.25	1.5	46.383	49.432	0.0642	1	65539	65540
2023-03-02 02:50:14	-146.46	783.86	58.21	2.25	1.875	45.9	50.0	0.0642	1	65539	65540
2023-03-02 03:00:13	-146.46	784.63	60.66	2.25	1.375	46.241	49.599	0.0642	1	65539	65540
2023-03-02 03:10:14	-146.46	784.64	61.0	2.125	1.187	46.303	49.526	0.0642	1	65539	65540
2023-03-02 03:20:13	-146.46	784.56	61.23	2.062	1.187	45.918	49.979	0.0642	1	65539	65540
2023-03-02 03:30:14	-146.46	784.64	61.6	2.062	1.125	45.913	49.984	0.0642	1	65539	65540
2023-03-02 03:40:13	-146.46	784.53	61.64	2.062	1.25	45.907	49.992	0.0642	1	65539	65540
2023-03-02 03:50:14	-146.46	784.15	60.71	2.062	1.562	45.877	50.027	0.0642	1	65539	65540
2023-03-02 04:00:13	-146.46	784.36	61.24	2.0	1.375	45.925	49.971	0.0642	1	65539	65540
2023-03-02 04:10:14	-146.46	783.82	60.0	2.0	1.687	25.108	75.82	0.0642	1	65539	65540
2023-03-02 04:20:13	-146.46	783.86	59.77	2.0	1.562	25.012	75.98	0.0642	1	65539	65540
2023-03-02 04:30:14	-146.46	784.33	61.18	1.937	1.25	25.156	75.741	0.0642	1	65539	65540
2023-03-02 04:40:13	-146.46	784.31	61.41	1.875	1.25	25.113	75.812	0.0642	1	65539	65540
2023-03-02 04:50:14	-146.46	784.05	60.75	1.812	1.312	25.093	75.846	0.0642	1	65539	65540
2023-03-02 05:00:14	-146.46	784.12	60.85	1.75	1.562	25.097	75.839	0.0642	1	65539	65540
2023-03-02 05:10:13	-146.46	783.94	60.29	1.75	1.75	24.814	76.249	0.0642	1	65539	65540
2023-03-02 05:20:14	-146.46	784.32	61.15	1.687	1.375	24.799	76.268	0.0642	1	65539	65540
2023-03-02 05:30:13	-146.46	784.72	62.78	1.625	1.187	24.612	76.518	0.0642	1	65539	65540
2023-03-02 05:40:14	-146.46	785.05	63.81	1.562	0.875	24.631	76.492	0.0642	1	65539	65540
2023-03-02 05:50:14	-146.46	785.02	63.51	1.5	0.937	24.705	76.394	0.0642	1	65539	65540
2023-03-02 06:00:13	-146.46	785.14	64.15	1.437	0.875	25.055	75.908	0.0642	1	65539	65540
2023-03-02 06:10:14	-146.46	784.68	63.18	1.437	1.187	24.552	76.597	0.0642	1	65539	65540
2023-03-02 06:20:13	-146.46	784.68	62.69	1.437	1.062	24.532	76.624	0.1186	1	65541	65542
2023-03-02 06:30:14	-146.46	784.86	63.41	1.375	1.062	24.858	76.189	0.1186	1	65541	65542
2023-03-02 06:40:13	-146.46	785.05	64.28	1.312	0.812	24.678	76.429	0.1186	1	65541	65542
2023-03-02 06:50:13	-146.46	784.93	63.72	1.312	0.937	24.625	76.5	0.1012	2	131077	131079
2023-03-02 07:00:14	-146.46	785.17	64.28	1.25	0.875	24.581	76.559	0.1752	4	262153	262157
2023-03-02 07:10:13	-146.46	785.1	64.13	1.25	1.0	25.041	75.932	1.36	0	2	2
2023-03-02 07:20:14	-146.46	785.46	65.1	1.25	0.687	24.608	76.522	2.584	5	327687	327692
2023-03-02 07:30:14	-146.46	785.62	65.46	1.25	0.625	25.069	75.886	10.0368	16	1048601	1048617
2023-03-02 07:40:14	-146.46	785.43	65.2	1.187	0.75	24.628	76.496	23.9632	34	2228281	2228315
2023-03-02 07:50:14	-146.46	785.14	64.11	1.312	1.125	24.601	76.532	40.7184	58	3801185	3801243
2023-03-02 08:00:15	-146.46	785.08	63.68	1.437	1.375	24.634	76.487	59.9488	81	5308556	5308637
2023-03-02 08:10:13	-146.46	785.02	63.43	1.5	1.375	24.639	76.482	73.032	90	5898405	5898495
2023-03-02 08:20:14	-146.46	785.3	64.21	1.5	1.062	25.094	75.843	89.7056	97	6357186	6357283
2023-03-02 08:30:14	-146.46	785.3	64.58	1.5	1.062	24.638	76.482	109.2352	124	8126704	8126828
2023-03-02 08:40:14	-146.46	785.55	65.78	1.562	0.875	25.117	75.806	132.5728	161	10551594	10551755
2023-03-02 08:50:14	-146.46	785.42	66.41	1.75	1.187	25.141	75.764	153.408	185	12124504	12124689
2023-03-02 09:00:14	-146.46	785.12	65.12	1.875	1.375	25.172	75.713	172.7472	214	14025095	14025309
2023-03-02 09:10:14	-146.46	785.16	64.44	2.0	1.375	45.893	50.009	182.8656	222	14549403	14549625
2023-03-02 09:20:15	-146.46	785.41	65.19	2.125	1.375	45.92	49.976	195.6224	238	15598008	15598246
2023-03-02 09:30:14	-146.46	785.23	64.33	2.187	1.562	45.877	50.027	210.2288	256	16777689	16777945
2023-03-02 09:40:15	-146.46	785.21	64.33	2.25	1.437	45.949	49.942	214.744	255	16712159	16712414
2023-03-02 09:50:14	-146.46	785.05	64.63	2.25	1.5	45.897	50.004	202.6128	236	15466945	15467181
2023-03-02 10:00:14	-146.46	784.93	64.78	2.312	1.75	45.885	50.018	243.6032	309	20251180	20251489
2023-03-02 10:10:14	-146.46	784.36	64.57	2.5	2.187	45.877	50.027	243.0592	304	19923496	19923800
2023-03-02 10:20:14	-146.46	784.43	64.24	2.562	2.25	45.862	50.044	217.5728	261	17105383	17105644
2023-03-02 10:30:14	-146.46	784.26	63.22	2.5	2.375	25.178	75.703	296.5344	403	26411702	26412105
2023-03-02 10:40:14	-146.46	783.79	62.43	2.875	2.75	25.127	75.789	310.0528	411	26936015	26936426
2023-03-02 10:50:14	-146.46	783.56	61.55	3.125	2.937	25.103	75.829	272.2448	351	23003761	23004112
2023-03-02 11:00:14	-146.46	783.53	60.81	3.25	3.125	25.064	75.893	321.1232	434	28443374	28443808
2023-03-02 11:10:13	-146.46	783.4	60.44	3.5	3.25	25.072	75.88	327.9232	434	28443384	28443818
2023-03-02 11:20:13	-146.46	782.77	58.93	3.687	3.75	24.551	76.599	328.2768	441	28902141	28902582
2023-03-02 11:30:13	-146.46	782.74	58.56	3.875	3.875	24.602	76.531	332.9824	488	31982370	31982858
2023-03-02 11:40:14	-146.46	782.32	57.43	3.937	4.187	24.642	76.477	355.5312	569	37290871	37291440
2023-03-02 11:50:14	-146.46	782.16	57.35	4.187	4.25	24.626	76.498	393.8832	684	44827641	44828325
2023-03-02 12:00:14	-146.46	781.63	56.34	4.375	4.625	24.621	76.505	427.0944	778	50988134	50988912
2023-03-02 12:10:14	-146.46	781.46	55.83	4.562	4.687	24.575	76.567	483.0992	904	59245833	59246737
2023-03-02 12:20:14	-146.46	781.13	55.01	4.75	4.937	24.595	76.539	535.3776	1012	66323867	66324879
2023-03-02 12:30:14	-146.46	780.62	53.76	5.0	5.437	24.578	76.563	587.0576	1112	72877607	72878719
2023-03-02 12:40:14	-146.46	780.43	52.55	5.125	5.562	24.271	76.973	641.3216	1192	78120618	78121810
2023-03-02 12:50:15	-146.46	780.24	52.33	5.312	5.75	24.227	77.031	687.9152	1249	81856275	81857524
2023-03-02 13:00:13	-146.46	779.88	51.67	5.5	6.0	24.169	77.108	675.7296	1177	77137619	77138796
2023-03-02 13:10:13	-146.46	780.0	51.75	5.625	6.0	24.188	77.082	522.784	780	51119348	51120128
2023-03-02 13:20:14	-146.46	780.12	52.41	5.687	6.062	24.236	77.019	399.6768	491	32179078	32179569
2023-03-02 13:30:14	-146.46	779.61	52.06	5.75	6.25	24.221	77.038	400.6832	459	30081907	30082366
2023-03-02 13:40:14	-146.46	779.47	52.67	5.75	6.375	24.229	77.029	396.304	455	29819754	29820209
2023-03-02 13:50:14	-146.46	778.99	51.3	5.937	6.75	24.179	77.094	456.6608	671	43975757	43976428
2023-03-02 14:00:13	-146.46	778.35	50.2	6.25	7.25	24.221	77.039	522.104	830	54396179	54397009
2023-03-02 14:10:14	-146.46	778.08	49.66	6.625	7.375	24.213	77.049	694.6608	1196	78382843	78384039
2023-03-02 14:20:14	-146.46	777.44	48.83	7.125	8.0	23.766	77.646	866.32	1525	99944650	99946175
2023-03-02 14:30:14	-146.46	777.33	48.75	7.812	7.875	24.253	76.996	873.256	1520	99616977	99618497
2023-03-02 14:40:14	-146.46	776.76	47.76	8.25	8.375	24.695	76.406	841.9216	1442	94505073	94506515
2023-03-02 14:50:15	-146.46	776.7	47.8	8.437	8.312	25.0	76.0	810.9136	1382	90572829	90574211
2023-03-02 15:00:14	-146.46	776.68	48.18	8.437	8.312	24.996	76.005	793.4784	1358	88999924	89001282
2023-03-02 15:10:14	-146.46	776.59	47.7	8.562	8.562	24.627	76.498	791.248	1360	89130994	89132354
2023-03-02 15:20:14	-146.46	776.13	47.3	8.562	8.875	24.681	76.426	798.864	1405	92080154	92081559
2023-03-02 15:30:14	-146.46	775.88	46.85	8.562	8.937	24.618	76.509	813.3616	1442	94505031	94506473
2023-03-02 15:40:14	-146.46	775.65	46.6	8.562	9.187	24.562	76.584	893.0576	1612	105646377	105647989
2023-03-02 15:50:14	-146.46	775.75	46.96	8.562	9.0	24.637	76.484	977.432	1840	120588855	120590695
2023-03-02 16:00:14	-146.46	775.18	46.46	8.562	9.375	24.63	76.493	1273.3136	2482	162663813	162666295
2023-03-02 16:10:14	-146.46	775.12	46.29	8.875	9.375	24.634	76.488	1278.7808	2596	170134998	170137594
2023-03-02 16:20:15	-146.46	775.18	46.43	10.25	9.312	46.375	49.442	1238.5792	2579	169020816	169023395
2023-03-02 16:30:14	-146.46	774.78	45.89	12.937	9.5	46.346	49.476	1176.3456	2547	166923552	166926099
2023-03-02 16:40:14	-146.46	774.66	46.32	15.125	9.625	46.353	49.467	1084.056	2445	160238679	160241124
2023-03-02 16:50:14	-146.46	774.51	46.27	17.5	9.875	46.4	49.412	968.9456	2272	148900671	148902943
2023-03-02 17:00:14	-146.46	774.69	46.73	18.937	9.75	46.377	49.439	825.5472	1989	130353591	130355580
2023-03-02 17:10:14	-146.46	774.98	47.66	19.5	9.562	46.491	49.304	607.4576	1437	94177045	94178482
2023-03-02 17:20:15	-146.46	775.61	48.74	19.125	9.062	46.537	49.251	354.8512	694	45482950	45483644
2023-03-02 17:30:14	-146.46	775.93	49.65	14.5	8.75	46.694	49.066	262.4256	472	30933680	30934152
2023-03-02 17:40:14	-146.46	776.1	50.31	11.125	8.687	46.469	49.331	222.7136	482	31588988	31589470
2023-03-02 17:50:14	-146.46	776.45	51.1	9.625	8.562	46.052	49.821	174.9776	387	25362937	25363324
2023-03-02 18:00:14	-146.46	776.47	51.27	8.812	8.375	25.133	75.778	120.6864	268	17563997	17564265
2023-03-02 18:10:13	-146.46	776.77	52.33	8.187	8.187	24.68	76.427	74.2016	167	10944728	10944895
2023-03-02 18:20:13	-146.46	776.84	52.92	7.75	8.062	23.829	77.561	41.072	90	5898358	5898448
2023-03-02 18:30:14	-146.46	777.12	53.55	7.375	7.875	24.209	77.054	18.8224	38	2490420	2490458
2023-03-02 18:40:14	-146.46	777.32	53.97	7.187	7.812	23.843	77.543	7.0176	12	786450	786462
2023-03-02 18:50:14	-146.46	777.67	55.15	7.0	7.562	24.195	77.073	1.4144	3	196612	196615
2023-03-02 19:00:14	-146.46	777.58	55.39	6.812	7.562	24.218	77.043	0.68	0	1	1
2023-03-02 19:10:14	-146.46	777.95	56.11	6.75	7.437	24.675	76.434	0.1654	3	196616	196619
2023-03-02 19:20:13	-146.46	778.06	56.66	6.625	7.437	24.694	76.408	0.1012	2	131077	131079
2023-03-02 19:30:14	-146.46	778.19	56.91	6.562	7.25	24.668	76.443	0.1458	1	65542	65543
2023-03-02 19:40:15	-146.46	778.23	56.54	6.5	7.25	24.634	76.488	0.1186	1	65541	65542
2023-03-02 19:50:14	-146.46	778.36	56.84	6.437	7.125	25.095	75.841	0.148	4	262152	262156
2023-03-02 20:00:14	-146.46	778.49	57.23	6.375	7.0	24.764	76.315	0.1012	2	131077	131079
2023-03-02 20:10:14	-146.46	778.71	57.56	6.312	6.812	25.125	75.791	0.1186	1	65541	65542
2023-03-02 20:20:14	-146.46	778.73	57.8	6.25	6.75	25.145	75.759	0.1458	1	65542	65543
2023-03-02 20:30:14	-146.46	779.03	58.69	6.25	6.562	25.126	75.79	0.247	3	196619	196622
2023-03-02 20:40:14	-146.46	779.11	59.14	6.062	6.437	25.122	75.797	0.1186	1	65541	65542
2023-03-02 20:50:14	-146.46	779.23	59.72	5.937	6.312	25.115	75.809	0.1186	1	65541	65542
2023-03-02 21:00:14	-146.46	779.43	60.32	5.875	6.187	25.04	75.933	0.0914	1	65540	65541
2023-03-02 21:10:14	-146.46	779.57	60.9	5.812	6.062	25.092	75.847	0.074	2	131076	131078
2023-03-02 21:20:14	-146.46	779.61	61.11	5.75	6.062	25.1	75.833	0.1012	2	131077	131079
2023-03-02 21:30:14	-146.46	779.79	61.49	5.687	6.0	25.055	75.909	0.0914	1	65540	65541
2023-03-02 21:40:14	-146.46	779.9	62.02	5.625	5.937	25.054	75.91	0.0914	1	65540	65541
2023-03-02 21:50:14	-146.46	780.09	62.72	5.562	5.812	25.102	75.83	0.1284	2	131078	131080
2023-03-02 22:00:14	-146.46	780.23	63.01	5.562	5.75	24.995	76.007	0.1284	2	131078	131080
2023-03-02 22:10:14	-146.46	780.36	63.56	5.437	5.687	25.004	75.993	0.1284	2	131078	131080
2023-03-02 22:20:14	-146.46	780.46	63.96	5.375	5.5	24.571	76.572	0.1284	2	131078	131080
2023-03-02 22:30:14	-146.46	780.64	64.49	5.312	5.437	24.646	76.472	0.1284	2	131078	131080
2023-03-02 22:40:14	-146.46	780.66	65.0	5.25	5.312	24.566	76.578	0.1458	1	65542	65543
2023-03-02 22:50:14	-146.46	780.74	65.53	5.25	5.312	24.609	76.521	0.1458	1	65542	65543
2023-03-02 23:00:14	-146.46	780.73	65.47	5.125	5.187	24.636	76.485	0.0642	1	65539	65540
2023-03-02 23:10:14	-146.46	780.9	66.17	5.125	5.062	24.572	76.571	0.0914	1	65540	65541
2023-03-02 23:20:13	-146.46	780.94	66.78	5.062	5.062	24.653	76.463	0.1186	1	65541	65542
2023-03-02 23:30:14	-146.46	780.84	66.55	5.0	5.062	24.886	76.152	0.1284	2	131078	131080
2023-03-02 23:40:14	-146.46	781.0	67.06	5.0	4.937	25.051	75.915	0.0914	1	65540	65541
2023-03-02 23:50:14	-146.46	781.07	67.86	4.937	4.875	24.59	76.547	0.1458	1	65542	65543
2023-03-03 00:00:14	-146.46	781.18	68.25	4.875	4.75	25.066	75.889	0.1458	1	65542	65543
2023-03-03 00:10:13	-146.46	781.37	68.72	4.812	4.625	25.122	75.796	0.1458	1	65542	65543
2023-03-03 00:20:14	-146.46	781.44	68.78	4.75	4.562	25.128	75.787	0.0914	1	65540	65541
2023-03-03 00:30:13	-146.46	781.54	68.86	4.75	4.562	25.079	75.869	0.0914	1	65540	65541
2023-03-03 00:40:14	-146.46	781.58	69.06	4.75	4.562	25.112	75.813	0.0642	1	65539	65540
2023-03-03 00:50:13	-146.46	781.72	69.1	4.687	4.437	25.096	75.841	0.0642	1	65539	65540
2023-03-03 01:00:14	-146.46	781.7	69.12	4.625	4.375	25.119	75.801	0.0642	1	65539	65540
2023-03-03 01:10:13	-146.46	781.99	69.39	4.562	4.312	25.121	75.798	0.0642	1	65539	65540
2023-03-03 01:20:13	-146.46	781.75	68.53	4.5	4.437	25.135	75.775	0.0642	1	65539	65540
2023-03-03 01:30:13	-146.46	781.91	68.79	4.5	4.312	25.134	75.777	0.0642	1	65539	65540
2023-03-03 01:40:14	-146.46	782.14	69.28	4.437	4.187	25.163	75.728	0.0642	1	65539	65540
2023-03-03 01:50:14	-146.46	782.05	69.35	4.375	4.062	45.906	49.992	0.0642	1	65539	65540
2023-03-03 02:00:13	-146.46	781.91	68.97	4.375	4.187	25.406	75.323	0.0642	1	65539	65540
2023-03-03 02:10:14	-146.46	782.03	68.83	4.312	4.187	45.903	49.997	0.0642	1	65539	65540
2023-03-03 02:20:13	-146.46	782.57	70.83	4.25	3.812	45.937	49.956	0.0642	1	65539	65540
2023-03-03 02:30:13	-146.46	782.7	71.59	4.187	3.75	45.947	49.944	0.0642	1	65539	65540
2023-03-03 02:40:14	-146.46	782.59	71.72	4.125	3.75	45.922	49.974	0.0642	1	65539	65540
2023-03-03 02:50:14	-146.46	782.71	72.79	4.062	3.562	46.433	49.373	0.0642	1	65539	65540
2023-03-03 03:00:13	-146.46	782.35	71.57	4.062	3.75	46.007	49.874	0.0642	1	65539	65540
2023-03-03 03:10:13	-146.46	782.8	73.64	4.0	3.5	46.53	49.259	0.0642	1	65539	65540
2023-03-03 03:20:13	-146.46	782.57	72.96	3.937	3.562	46.475	49.324	0.0642	1	65539	65540
2023-03-03 03:30:13	-146.46	782.88	74.95	3.875	3.312	46.502	49.292	0.0642	1	65539	65540
2023-03-03 03:40:14	-146.46	782.85	75.43	3.875	3.375	46.4	49.412	0.0642	1	65539	65540
2023-03-03 03:50:13	-146.46	782.75	75.15	3.875	3.375	46.423	49.384	0.0642	1	65539	65540
2023-03-03 04:00:13	-146.46	782.98	76.1	3.812	3.25	46.413	49.396	0.0642	1	65539	65540
2023-03-03 04:10:14	-146.46	783.14	77.13	3.75	3.062	46.362	49.457	0.0642	1	65539	65540
2023-03-03 04:20:13	-146.46	783.09	77.33	3.75	3.062	46.375	49.441	0.0642	1	65539	65540
2023-03-03 04:30:14	-146.46	783.34	78.67	3.625	3.0	46.385	49.429	0.037	1	65538	65539
2023-03-03 04:40:13	-146.46	783.32	79.05	3.625	3.0	46.436	49.37	0.0642	1	65539	65540
2023-03-03 04:50:14	-146.46	783.47	79.73	3.625	2.875	46.399	49.413	0.0642	1	65539	65540
2023-03-03 05:00:13	-146.46	783.45	80.08	3.625	3.062	46.385	49.429	0.0642	1	65539	65540
2023-03-03 05:10:14	-146.46	783.49	80.82	3.5	2.875	46.386	49.428	0.0642	1	65539	65540
2023-03-03 05:20:13	-146.46	783.87	83.36	3.5	2.75	46.406	49.405	0.0642	1	65539	65540
2023-03-03 05:30:14	-146.46	784.06	84.31	3.437	2.687	46.419	49.389	0.0642	1	65539	65540
2023-03-03 05:40:13	-146.46	784.22	85.35	3.375	2.625	46.345	49.477	0.0642	1	65539	65540
2023-03-03 05:50:14	-146.46	784.4	86.25	3.375	2.562	46.398	49.414	0.0642	1	65539	65540
2023-03-03 06:00:13	-146.46	784.58	87.3	3.312	2.312	46.429	49.378	0.0642	1	65539	65540
2023-03-03 06:10:14	-146.46	784.53	87.43	3.25	2.375	46.403	49.408	0.0642	1	65539	65540
2023-03-03 06:20:13	-146.46	784.51	87.35	3.187	2.312	46.428	49.378	0.0642	1	65539	65540
2023-03-03 06:30:14	-146.46	784.6	87.64	3.187	2.25	46.4	49.411	0.0936	4	262150	262154
2023-03-03 06:40:14	-146.46	784.99	89.01	3.125	2.062	46.388	49.426	0.1284	2	131078	131080
2023-03-03 06:50:14	-146.46	784.97	88.69	3.062	2.125	46.315	49.511	0.1676	6	393226	393232
2023-03-03 07:00:13	-146.46	785.21	89.7	3.0	1.875	46.3	49.529	0.1773	7	458763	458770
2023-03-03 07:10:14	-146.46	784.82	88.86	3.0	2.062	45.926	49.969	1.6048	1	65539	65540
2023-03-03 07:20:13	-146.46	785.46	89.99	2.937	1.812	46.359	49.46	5.1136	7	458764	458771
2023-03-03 07:30:14	-146.46	785.38	90.12	2.937	1.875	46.358	49.462	10.2272	14	917528	917542
2023-03-03 07:40:14	-146.46	785.57	90.55	3.0	1.812	46.35	49.471	21.8144	28	1835058	1835086
2023-03-03 07:50:14	-146.46	785.52	90.25	3.0	2.0	46.38	49.435	36.4752	49	3211349	3211398
2023-03-03 08:00:15	-146.46	785.52	89.98	3.062	2.0	46.367	49.45	50.8096	77	5046396	5046473
2023-03-03 08:10:13	-146.46	785.91	90.97	3.187	1.875	46.393	49.42	67.184	105	6881446	6881551
2023-03-03 08:20:14	-146.46	786.14	91.68	3.25	1.875	46.404	49.407	85.9248	126	8257743	8257869
2023-03-03 08:30:14	-146.46	786.17	91.6	3.25	1.812	46.353	49.467	112.2816	167	10944784	10944951
2023-03-03 08:40:13	-146.46	785.65	90.17	3.375	2.125	46.375	49.441	165.2672	264	17301916	17302180
2023-03-03 08:50:13	-146.46	786.26	91.49	3.437	1.937	46.356	49.464	137.0336	207	13566286	13566493
2023-03-03 09:00:14	-146.46	785.76	90.31	3.5	2.187	45.939	49.954	144.6768	216	14156127	14156343
2023-03-03 09:10:14	-146.46	785.93	90.33	3.687	2.25	46.453	49.349	175.6032	259	16974248	16974507
2023-03-03 09:20:15	-146.46	786.4	92.13	3.625	1.937	46.304	49.525	239.1152	374	24511055	24511429
2023-03-03 09:30:13	-146.46	786.0	90.93	3.625	2.312	46.437	49.369	212.5136	307	20120061	20185905
2023-03-03 09:40:14	-146.46	785.71	89.07	3.687	2.625	46.472	49.327	296.5888	456	29885144	29885600
2023-03-03 09:50:14	-146.46	785.92	89.24	4.0	2.5	46.419	49.39	387.736	620	40633287	40633907
2023-03-03 10:00:14	-146.46	785.95	88.75	4.375	2.5	46.342	49.48	339.2656	522	34210625	34211147
2023-03-03 10:10:15	-146.46	786.34	89.27	4.375	2.312	46.428	49.378	392.0608	621	40698830	40699451
2023-03-03 10:20:14	-146.46	785.58	86.79	4.687	2.687	45.967	49.922	481.576	770	50463921	50464691
2023-03-03 10:30:14	-146.46	785.25	85.5	5.0	3.125	45.965	49.924	427.6928	661	43320348	43321009
2023-03-03 10:40:15	-146.46	785.45	84.67	5.062	2.937	46.449	49.355	523.872	840	55051548	55052388
2023-03-03 10:50:14	-146.46	785.78	84.49	4.812	2.937	45.975	49.912	300.696	370	24248999	24249369
2023-03-03 11:00:14	-146.46	785.8	84.57	4.25	2.875	45.907	49.992	389.0688	556	36438944	36439500
2023-03-03 11:10:14	-146.46	785.27	82.79	4.5	3.437	45.944	49.948	372.912	515	33751918	33752433
2023-03-03 11:20:13	-146.46	785.23	82.26	4.625	3.687	45.91	49.988	351.8864	493	32310081	32310574
2023-03-03 11:30:13	-146.46	784.89	81.09	4.687	4.125	45.946	49.946	365.8944	553	36242300	36242853
2023-03-03 11:40:14	-146.46	784.45	79.35	4.812	4.437	45.904	49.995	374.3808	621	40698804	40699425
2023-03-03 11:50:14	-146.46	784.26	77.87	4.937	4.625	45.933	49.961	409.904	730	47842350	47843080
2023-03-03 12:00:15	-146.46	783.6	76.51	5.125	5.25	45.914	49.984	439.6064	818	53609618	53610436
2023-03-03 12:10:14	-146.46	783.36	75.05	5.375	5.5	25.093	75.845	493.5712	944	61867314	61868258
2023-03-03 12:20:13	-146.46	782.68	72.76	5.687	6.062	25.037	75.938	556.92	1075	70452707	70453782
2023-03-03 12:30:14	-146.46	782.38	71.14	5.875	6.25	24.589	76.549	616.9776	1187	77792899	77794086
2023-03-03 12:40:15	-146.46	782.01	69.89	6.187	6.437	24.618	76.509	686.8544	1303	85395252	85396555
2023-03-03 12:50:14	-146.46	781.46	65.51	6.375	6.812	24.188	77.082	711.5248	1326	86902631	86903957
2023-03-03 13:00:13	-146.46	781.37	64.62	6.625	7.125	24.226	77.032	716.0672	1264	82839366	82840630
2023-03-03 13:10:14	-146.46	781.23	64.62	6.75	7.25	23.767	77.643	571.0912	869	56952180	56953049
2023-03-03 13:20:14	-146.46	781.19	65.5	6.875	7.312	24.295	76.94	415.48	500	32768931	32769431
2023-03-03 13:30:14	-146.46	780.94	64.64	6.875	7.375	23.793	77.61	396.9568	441	28902242	28902683
2023-03-03 13:40:14	-146.46	780.57	63.97	6.937	7.687	23.852	77.531	398.072	490	32113539	32114029
2023-03-03 13:50:14	-146.46	780.33	61.8	7.125	7.812	23.852	77.531	460.496	695	45548642	45549337
2023-03-03 14:00:14	-146.46	779.81	58.72	7.312	8.312	23.805	77.593	513.3728	861	56427802	56428663
2023-03-03 14:10:14	-146.46	779.38	56.88	7.625	8.562	23.813	77.583	644.1232	1159	75957913	75959072
2023-03-03 14:20:13	-146.46	779.41	56.79	7.812	8.562	23.857	77.524	729.4224	1338	87689097	87690435
2023-03-03 14:30:14	-146.46	778.97	55.07	8.0	8.75	24.733	76.356	785.4	1400	91752451	91753851
2023-03-03 14:40:14	-146.46	778.74	54.58	8.187	9.062	24.673	76.436	772.4528	1336	87558087	87559423
2023-03-03 14:50:14	-146.46	778.86	54.71	8.375	8.875	24.603	76.529	757.9008	1296	84936600	84937896
2023-03-03 15:00:14	-146.46	778.52	52.81	8.5	9.187	24.633	76.49	754.6096	1302	85329815	85331117
2023-03-03 15:10:14	-146.46	778.41	51.27	8.5	9.312	25.049	75.918	769.6512	1344	88082376	88083720
2023-03-03 15:20:14	-146.46	778.41	51.24	8.562	9.125	24.617	76.511	829.0832	1459	95619177	95620636
2023-03-03 15:30:14	-146.46	778.11	50.43	8.625	9.312	25.041	75.932	877.5808	1546	101320936	101322482
2023-03-03 15:40:14	-146.46	778.3	54.07	8.75	9.0	25.286	75.523	980.3968	1766	115739148	115740914
2023-03-03 15:50:14	-146.46	777.88	53.44	8.875	9.375	25.12	75.8	1122.2448	2076	136055715	136057791
2023-03-03 16:00:14	-146.46	777.44	52.66	9.0	9.562	25.486	75.191	1489.6896	2852	186912688	186915540
2023-03-03 16:10:15	-146.46	777.38	51.57	9.187	9.625	25.528	75.119	1449.1616	2892	189599629	189602522
2023-03-03 16:20:15	-146.46	777.64	51.24	10.812	9.375	46.407	49.404	1465.1824	2963	194187219	194190182
2023-03-03 16:30:14	-146.46	777.42	50.23	14.062	9.75	46.46	49.341	1384.1264	2918	191237951	191240869
2023-03-03 16:40:14	-146.46	777.78	50.47	16.625	9.312	46.411	49.399	1297.2768	2841	186191502	186194343
2023-03-03 16:50:14	-146.46	777.48	50.35	18.875	9.562	46.404	49.408	1195.0592	2704	177212832	177215536
2023-03-03 17:00:14	-146.46	778.28	51.28	20.187	8.812	46.477	49.321	1002.8096	2377	155782068	155784445
2023-03-03 17:10:14	-146.46	778.36	52.87	22.312	8.75	46.511	49.281	675.7296	1552	101713859	101715411
2023-03-03 17:20:14	-146.46	779.42	54.4	22.437	8.0	46.797	48.944	367.88	700	45876189	45876889
2023-03-03 17:30:14	-146.46	779.95	56.14	15.437	7.5	46.81	48.93	262.3712	469	30737070	30737539
2023-03-03 17:40:13	-146.46	780.22	56.64	11.25	7.312	46.127	49.732	249.2336	582	38142691	38143273
2023-03-03 17:50:14	-146.46	780.54	57.22	9.312	7.125	24.897	76.138	202.9664	468	30671446	30671914
2023-03-03 18:00:15	-146.46	781.23	58.77	8.5	7.125	25.172	75.713	136.3536	307	20119949	20120256
2023-03-03 18:10:14	-146.46	781.36	60.44	7.875	6.312	24.293	76.942	89.2704	198	12976386	12976584
2023-03-03 18:20:14	-146.46	781.81	62.3	7.5	6.062	24.716	76.379	50.456	95	6226055	6226150
2023-03-03 18:30:15	-146.46	782.29	63.95	7.125	5.812	25.144	75.76	25.7856	47	3080260	3080307
2023-03-03 18:40:15	-146.46	782.43	64.79	6.812	5.625	45.979	49.907	10.1456	22	1441821	1441843
2023-03-03 18:50:22	-146.46	782.73	65.26	6.625	5.562	46.465	49.336	3.0736	7	458761	458768
2023-03-03 19:00:14	-146.46	782.92	65.87	6.375	5.375	46.409	49.401	0.9248	1	65538	65539
2023-03-03 19:10:24	-146.46	783.42	67.99	6.187	5.125	46.444	49.36	0.1578	5	327689	327694
2023-03-03 19:20:16	-146.46	783.37	69.12	6.062	5.375	46.421	49.387	0.1556	2	131079	131081
2023-03-03 19:30:14	-146.46	783.66	69.83	6.0	5.0	46.417	49.392	0.1284	2	131078	131080
2023-03-03 19:40:15	-146.46	783.83	70.7	5.875	4.812	46.349	49.471	0.1284	2	131078	131080
2023-03-03 19:50:13	-146.46	784.02	71.15	5.812	4.75	46.352	49.469	0.1828	2	131080	131082
2023-03-03 20:00:15	-146.46	783.88	70.95	5.75	4.812	45.971	49.917	0.3558	3	196623	196626
2023-03-03 20:10:14	-146.46	784.11	71.39	5.625	4.625	45.948	49.944	0.21	2	131081	131083
2023-03-03 20:20:14	-146.46	784.19	72.0	5.562	4.625	25.114	75.81	0.1828	2	131080	131082
2023-03-03 20:30:15	-146.46	784.34	72.12	5.5	4.562	25.18	75.7	0.1828	2	131080	131082
2023-03-03 20:40:34	-146.46	784.67	73.24	5.437	4.312	25.089	75.852	0.2938	5	327694	327699
2023-03-03 20:50:13	-146.46	784.64	73.33	5.312	4.25	25.141	75.765	0.21	2	131081	131083
2023-03-03 21:00:14	-146.46	784.57	72.96	5.25	4.375	25.166	75.723	0.21	2	131081	131083
2023-03-03 21:10:14	-146.46	784.9	74.07	5.187	4.125	25.07	75.884	0.21	2	131081	131083
2023-03-03 21:20:14	-146.46	785.05	74.21	5.125	4.0	25.229	75.618	0.1828	2	131080	131082
2023-03-03 21:30:14	-146.46	784.89	73.9	5.062	4.062	25.174	75.71	0.21	2	131081	131083
2023-03-03 21:40:13	-146.46	785.12	74.29	5.0	4.0	25.172	75.713	0.21	2	131081	131083
2023-03-03 21:50:14	-146.46	785.49	75.61	4.937	3.875	25.435	75.275	0.21	2	131081	131083
2023-03-03 22:00:13	-146.46	785.38	75.83	4.875	3.812	25.413	75.311	0.21	2	131081	131083
2023-03-03 22:10:15	-146.46	785.77	76.94	4.812	3.812	45.927	49.968	0.21	2	131081	131083
2023-03-03 22:20:13	-146.46	785.66	76.43	4.75	3.812	45.923	49.973	0.21	2	131081	131083
2023-03-03 22:30:14	-146.46	785.93	77.59	4.687	3.687	45.955	49.936	0.1828	2	131080	131082
2023-03-03 22:40:15	-146.46	786.1	78.08	4.625	3.562	45.934	49.96	0.1828	2	131080	131082
2023-03-03 22:50:14	-146.46	786.15	78.39	4.562	3.562	45.981	49.905	0.1828	2	131080	131082
2023-03-03 23:00:14	-146.46	786.02	78.1	4.5	3.562	45.981	49.904	0.1828	2	131080	131082
2023-03-03 23:10:13	-146.46	786.26	78.55	4.437	3.437	46.416	49.393	0.1828	2	131080	131082
2023-03-03 23:20:14	-146.46	786.39	79.02	4.375	3.312	46.421	49.387	0.1828	2	131080	131082
2023-03-03 23:30:14	-146.46	786.46	79.19	4.312	3.187	46.386	49.428	0.1828	2	131080	131082
2023-03-03 23:40:14	-146.46	786.39	79.16	4.187	3.187	46.482	49.315	0.1828	2	131080	131082
2023-03-03 23:50:14	-146.46	786.35	78.98	4.187	3.375	46.466	49.334	0.1828	2	131080	131082
2023-03-04 00:00:13	-146.46	786.23	77.68	4.187	3.312	46.497	49.297	0.1828	2	131080	131082
2023-03-04 00:10:14	-146.46	786.79	79.39	4.062	2.812	46.453	49.349	0.1828	2	131080	131082
2023-03-04 00:20:14	-146.46	786.32	77.33	4.062	3.062	46.437	49.368	0.1828	2	131080	131082
2023-03-04 00:30:13	-146.46	786.5	77.92	4.0	2.937	46.418	49.391	0.1828	2	131080	131082
2023-03-04 00:40:14	-146.46	786.72	78.85	3.937	2.875	46.391	49.422	0.1828	2	131080	131082
2023-03-04 00:50:13	-146.46	786.58	78.24	3.937	3.062	46.442	49.363	0.1828	2	131080	131082
2023-03-04 01:00:14	-146.46	786.6	77.75	3.875	3.0	46.471	49.329	0.1012	2	131077	131079
2023-03-04 01:10:13	-146.46	786.89	78.86	3.875	3.062	46.525	49.265	0.1556	2	131079	131081
2023-03-04 01:20:13	-146.46	786.83	78.8	3.812	2.937	46.013	49.867	0.1012	2	131077	131079
2023-03-04 01:30:14	-146.46	786.98	78.94	3.75	2.812	45.974	49.913	0.1012	2	131077	131079
2023-03-04 01:40:13	-146.46	787.31	79.69	3.75	2.625	46.027	49.85	0.1012	2	131077	131079
2023-03-04 01:50:14	-146.46	787.73	81.95	3.687	2.5	46.485	49.312	0.1012	2	131077	131079
2023-03-04 02:00:13	-146.46	787.91	83.26	3.625	2.375	46.377	49.439	0.1012	2	131077	131079
2023-03-04 02:10:14	-146.46	788.49	85.23	3.5	2.062	46.426	49.382	0.1012	2	131077	131079
2023-03-04 02:20:14	-146.46	788.19	84.53	3.437	2.125	46.46	49.341	0.1012	2	131077	131079
2023-03-04 02:30:14	-146.46	788.29	84.86	3.375	2.125	46.364	49.454	0.1458	1	65542	65543
2023-03-04 02:40:14	-146.46	788.16	84.79	3.312	2.187	45.983	49.902	0.1458	1	65542	65543
2023-03-04 02:50:13	-146.46	788.09	85.05	3.312	2.062	46.319	49.507	0.1458	1	65542	65543
2023-03-04 03:00:14	-146.46	787.77	83.67	3.312	2.25	46.416	49.393	0.1012	2	131077	131079
2023-03-04 03:10:14	-146.46	788.0	84.75	3.312	2.062	46.41	49.4	0.1012	2	131077	131079
2023-03-04 03:20:13	-146.46	787.45	82.76	3.25	2.5	45.96	49.929	0.1012	1	65542	65543
2023-03-04 03:30:13	-146.46	788.09	84.27	3.25	1.937	46.346	49.475	0.1556	2	131079	131081
2023-03-04 03:40:14	-146.46	788.01	84.5	3.187	2.0	45.93	49.965	0.1556	2	131079	131081
2023-03-04 03:50:13	-146.46	788.2	85.26	3.187	2.0	46.416	49.393	0.1458	1	65542	65543
2023-03-04 04:00:14	-146.46	788.48	85.89	3.125	1.937	45.946	49.946	0.1458	1	65542	65543
2023-03-04 04:10:13	-146.46	788.52	87.1	3.062	1.687	45.963	49.926	0.1458	1	65542	65543
2023-03-04 04:20:14	-146.46	788.36	86.35	3.0	1.812	45.976	49.911	0.1458	1	65542	65543
2023-03-04 04:30:13	-146.46	787.87	84.78	3.0	2.062	45.942	49.95	0.1458	1	65542	65543
2023-03-04 04:40:14	-146.46	788.43	86.27	2.937	1.625	45.94	49.953	0.1458	1	65542	65543
2023-03-04 04:50:13	-146.46	788.27	85.61	2.875	1.812	45.922	49.974	0.1458	1	65542	65543
2023-03-04 05:00:14	-146.46	788.0	84.16	2.875	1.812	25.456	75.24	0.1458	1	65542	65543
2023-03-04 05:10:13	-146.46	787.97	82.9	2.937	2.125	25.381	75.366	0.1458	1	65542	65543
2023-03-04 05:20:14	-146.46	787.85	81.48	2.875	2.062	25.175	75.708	0.1186	1	65541	65542
2023-03-04 05:30:13	-146.46	787.97	82.04	2.875	2.062	25.181	75.699	0.1458	1	65542	65543
2023-03-04 05:40:14	-146.46	788.16	82.45	2.812	1.75	25.129	75.786	0.1458	1	65542	65543
2023-03-04 05:50:14	-146.46	788.44	83.71	2.75	1.812	25.356	75.407	0.1186	1	65541	65542
2023-03-04 06:00:13	-146.46	788.68	83.09	2.75	1.812	24.976	76.033	0.1458	1	65542	65543
2023-03-04 06:10:13	-146.46	788.66	83.25	2.687	1.812	24.996	76.005	0.1284	2	131078	131080
2023-03-04 06:20:13	-146.46	789.14	84.21	2.687	1.562	25.116	75.807	0.1284	2	131078	131080
2023-03-04 06:30:13	-146.46	789.25	84.17	2.625	1.75	25.13	75.783	0.1284	2	131078	131080
2023-03-04 06:40:14	-146.46	789.03	82.71	2.625	1.625	25.066	75.89	0.1556	2	131079	131081
2023-03-04 06:50:13	-146.46	788.66	81.71	2.562	1.812	24.609	76.521	0.1654	3	196616	196619
2023-03-04 07:00:13	-146.46	788.66	81.58	2.562	1.875	24.967	76.043	0.2241	9	589838	589847
2023-03-04 07:10:14	-146.46	788.53	80.52	2.625	2.0	24.974	76.035	1.8496	2	131076	131078
2023-03-04 07:20:14	-146.46	788.75	79.68	2.687	2.062	25.055	75.909	4.6784	8	524300	524308
2023-03-04 07:30:13	-146.46	788.68	79.78	2.812	2.062	25.154	75.743	13.0016	17	1114142	1114159
2023-03-04 07:40:13	-146.46	789.04	80.79	2.937	1.875	45.934	49.96	26.6016	42	2752578	2752620
2023-03-04 07:50:13	-146.46	789.34	82.53	2.937	1.625	45.934	49.96	50.7552	74	4849786	4849860
