2022-04-01 00:00:20	-52.57	906.86	71.1	7.187	3.937	24.475	76.7	0.1284	2	131078	131080
2022-04-01 00:10:16	-52.35	906.9	70.34	7.062	4.125	24.466	76.712	0.1284	2	131078	131080
2022-04-01 00:30:17	-52.77	907.04	72.3	6.875	3.687	24.442	76.744	0.1284	2	131078	131080
2022-04-01 00:40:16	-52.7	906.97	71.32	7.0	3.75	24.429	76.762	0.1284	2	131078	131080
2022-04-01 00:50:17	-52.81	907.14	72.02	6.875	3.625	24.447	76.737	0.1012	2	131077	131079
2022-04-01 01:00:16	-52.8	906.82	70.64	6.812	3.625	24.395	76.807	0.1284	2	131078	131080
2022-04-01 01:10:16	-53.11	906.83	71.19	6.75	3.5	24.484	76.688	0.1458	1	65542	65543
2022-04-01 01:20:16	-52.94	906.79	70.08	6.625	3.437	24.339	76.881	0.1186	1	65541	65542
2022-04-01 01:30:16	-53.22	906.56	71.12	6.437	3.312	24.329	76.894	0.0914	1	65540	65541
2022-04-01 01:40:16	-53.2	906.6	70.71	6.312	3.312	24.277	76.964	0.1186	1	65541	65542
2022-04-01 01:50:16	-53.4	906.5	70.4	6.312	3.187	24.292	76.943	0.1186	1	65541	65542
2022-04-01 02:00:17	-53.13	906.49	68.9	6.312	3.5	24.327	76.897	0.1186	1	65541	65542
2022-04-01 02:10:17	-53.36	906.48	69.21	6.375	3.187	24.291	76.946	0.1186	1	65541	65542
2022-04-01 02:20:16	-53.15	906.41	68.36	6.187	3.312	24.324	76.902	0.1186	1	65541	65542
2022-04-01 02:30:16	-53.38	906.32	68.81	6.062	3.187	24.732	76.357	0.1186	1	65541	65542
2022-04-01 02:40:17	-53.31	906.21	69.21	6.0	3.25	24.679	76.428	0.1186	1	65541	65542
2022-04-01 02:50:16	-53.34	906.09	69.81	6.0	3.187	24.726	76.366	0.1186	1	65541	65542
2022-04-01 03:00:16	-53.35	905.96	70.09	6.0	3.25	24.728	76.363	0.1186	1	65541	65542
2022-04-01 03:10:16	-53.44	905.75	70.57	6.0	3.25	24.7	76.4	0.1186	1	65541	65542
2022-04-01 03:20:16	-53.4	905.7	71.05	5.687	3.25	24.28	76.96	0.0914	1	65540	65541
2022-04-01 03:30:16	-53.43	905.51	72.04	5.625	3.187	24.284	76.954	0.1186	1	65541	65542
2022-04-01 03:40:16	-53.41	905.34	74.03	5.625	3.187	24.228	77.029	0.1186	1	65541	65542
2022-04-01 03:50:16	-53.99	905.19	80.21	5.5	2.812	24.274	76.968	0.1186	1	65541	65542
2022-04-01 04:00:16	-53.84	905.05	81.16	5.312	2.812	24.232	77.024	0.1186	1	65541	65542
2022-04-01 04:10:16	-53.77	904.78	79.82	5.25	3.0	24.213	77.05	0.1186	1	65541	65542
2022-04-01 04:20:16	-53.9	904.89	80.95	5.125	2.812	24.628	76.495	0.1186	1	65541	65542
2022-04-01 04:30:16	-53.85	904.81	85.41	5.125	2.687	24.608	76.523	0.1186	1	65541	65542
2022-04-01 04:40:16	-53.64	904.66	86.63	5.125	2.875	24.573	76.569	0.1186	1	65541	65542
2022-04-01 04:50:17	-53.91	904.66	88.79	5.0	2.625	24.629	76.494	0.1186	1	65541	65542
2022-04-01 05:00:16	-54.05	904.47	90.99	5.062	2.562	24.59	76.546	0.1186	1	65541	65542
2022-04-01 05:10:16	-54.13	904.47	93.26	4.875	2.437	24.628	76.496	0.1186	1	65541	65542
2022-04-01 05:20:15	-53.98	904.41	92.9	4.875	2.5	24.178	77.096	0.1186	1	65541	65542
2022-04-01 05:30:16	-54.08	904.38	94.13	4.687	2.312	24.533	76.622	0.074	2	131076	131078
2022-04-01 05:40:16	-54.39	904.41	94.74	4.687	2.187	24.553	76.596	0.1012	2	131077	131079
2022-04-01 05:50:16	-54.2	904.35	94.76	4.687	2.375	24.536	76.619	0.1186	1	65541	65542
2022-04-01 06:00:16	-54.14	904.32	93.25	4.687	2.437	24.571	76.573	0.1012	2	131077	131079
2022-04-01 06:10:15	-54.18	904.31	92.98	4.687	2.5	24.572	76.57	0.1012	2	131077	131079
2022-04-01 06:20:16	-54.21	904.28	92.41	4.687	2.5	24.554	76.595	0.1284	2	131078	131080
2022-04-01 06:30:16	-53.96	904.49	91.73	4.687	2.625	24.574	76.567	0.1012	2	131077	131079
2022-04-01 06:40:16	-53.93	904.58	90.07	4.687	2.625	24.556	76.593	0.1284	2	131078	131080
2022-04-01 06:50:15	-53.9	904.65	90.42	4.687	2.687	24.573	76.57	0.1284	2	131078	131080
2022-04-01 07:00:23	-53.86	904.71	89.74	4.75	2.75	24.564	76.581	0.1284	2	131078	131080
2022-04-01 07:10:15	-53.94	904.81	88.15	4.75	2.875	24.671	76.439	0.1752	4	262153	262157
2022-04-01 07:20:16	-53.72	905.0	87.59	4.812	2.875	25.039	75.936	0.68	0	1	1
2022-04-01 07:30:19	-53.91	905.12	86.34	4.875	2.75	25.127	75.789	2.0944	3	196613	196616
2022-04-01 07:40:18	-54.23	905.01	88.19	4.625	2.5	25.018	75.97	4.624	5	327690	327695
2022-04-01 07:50:15	-54.23	905.11	88.53	4.562	2.5	24.954	76.062	10.472	15	983065	983080
2022-04-01 08:00:16	-54.08	905.25	88.91	4.437	2.5	24.919	76.109	20.2368	41	2687032	2687073
2022-04-01 08:10:15	-54.49	905.3	92.68	4.25	2.062	31.736	67.205	38.2704	73	4784231	4784304
2022-04-01 08:20:15	-54.67	905.39	96.3	4.187	1.875	31.9	67.0	22.0592	29	1900595	1900624
2022-04-01 08:30:14	-54.41	905.55	97.59	4.0	2.0	31.832	67.085	51.6528	86	5636227	5636313
2022-04-01 08:40:15	-54.89	905.65	99.8	4.187	1.687	32.283	66.521	46.6752	74	4849780	4849854
2022-04-01 08:50:15	-54.73	905.69	99.39	4.125	1.687	31.861	67.049	52.9584	83	5439619	5439702
2022-04-01 09:00:15	-54.93	905.83	100	3.875	1.562	32.192	66.635	128.6288	231	15139153	15139384
2022-04-01 09:10:16	-55.17	905.78	100	3.687	1.375	32.133	66.709	87.6656	147	9634015	9634162
2022-04-01 09:20:15	-55.29	905.77	100	3.625	1.375	24.908	76.123	53.584	80	5243010	5243090
2022-04-01 09:30:14	-55.33	905.86	100	3.75	1.437	24.396	76.805	62.152	90	5898389	5898479
2022-04-01 09:40:14	-54.97	906.06	100	3.625	1.562	24.359	76.855	94.4112	144	9437415	9437559
2022-04-01 09:50:15	-55.08	906.06	100	3.812	1.687	24.297	76.937	101.4288	156	10223865	10224021
2022-04-01 10:00:15	-54.99	906.26	99.2	3.875	1.75	24.371	76.839	121.0128	186	12189993	12190179
2022-04-01 10:10:15	-54.81	906.36	99.07	3.75	2.0	24.363	76.849	129.0096	202	13238591	13238793
2022-04-01 10:20:14	-54.8	906.51	98.54	3.75	2.0	24.346	76.872	134.9392	204	13369673	13369877
2022-04-01 10:30:15	-54.84	906.61	98.09	3.75	1.937	24.377	76.831	112.2816	167	10944784	10944951
2022-04-01 10:40:17	-55.06	906.64	98.25	3.75	1.875	24.715	76.38	112.472	165	10813711	10813876
2022-04-01 10:50:15	-54.96	906.63	98.25	3.687	2.0	24.681	76.425	101.0208	146	9568498	9568644
2022-04-01 11:00:23	-55.12	906.86	98.61	3.562	1.875	25.059	75.902	158.2224	238	15597953	15598191
2022-04-01 11:10:15	-54.94	907.03	97.03	3.75	2.0	24.567	76.577	230.8736	357	23396920	23397277
2022-04-01 11:20:14	-54.92	907.08	97.47	3.937	2.125	24.549	76.602	178.976	270	17695156	17695426
2022-04-01 11:30:15	-54.91	907.29	95.77	4.125	2.125	24.133	77.156	193.256	295	19333593	19333888
2022-04-01 11:40:15	-54.86	907.36	95.28	4.25	2.187	23.97	77.373	252.9872	389	25494125	25494514
2022-04-01 11:50:14	-54.61	907.4	94.47	4.5	2.5	23.933	77.422	217.464	330	21627411	21627741
2022-04-01 12:00:14	-54.57	907.62	95.04	4.625	2.562	23.78	77.626	285.3824	438	28705468	28705906
2022-04-01 12:10:14	-54.74	907.61	96.31	4.625	2.375	23.665	77.78	287.5312	444	29098691	29099135
2022-04-01 12:20:14	-54.64	907.61	96.23	4.687	2.437	23.184	78.421	503.336	795	52102369	52103164
2022-04-01 12:30:15	-54.54	907.77	94.54	4.812	2.5	23.459	78.054	346.0384	533	34931538	34932071
2022-04-01 12:40:14	-54.57	907.9	93.73	4.812	2.562	23.459	78.055	336.872	515	33751865	33752380
2022-04-01 12:50:14	-54.47	908.0	92.23	4.812	2.687	23.345	78.207	297.2144	453	29688535	29688988
2022-04-01 13:00:14	-54.6	908.1	92.67	4.75	2.562	23.266	78.312	249.2608	371	24314460	24314831
2022-04-01 13:10:15	-54.59	908.1	93.48	4.687	2.625	23.345	78.207	225.1344	328	21496349	21496677
2022-04-01 13:20:14	-54.51	908.27	92.83	4.5	2.687	23.132	78.49	220.5104	323	21168659	21168982
2022-04-01 13:30:19	-54.42	908.26	91.16	4.562	2.812	23.103	78.529	228.208	335	21955110	21955445
2022-04-01 13:40:15	-54.42	908.32	89.63	4.625	2.812	23.125	78.5	162.6288	231	15139203	15139434
2022-04-01 13:50:15	-54.48	908.49	90.75	4.562	2.687	23.014	78.648	215.3424	313	20513285	20513598
2022-04-01 14:00:15	-54.62	908.45	89.49	4.5	2.625	22.489	79.349	191.9504	273	17891785	17892058
2022-04-01 14:10:14	-54.46	908.52	91.79	4.5	2.75	22.531	79.292	176.3648	251	16449956	16450207
2022-04-01 14:20:14	-54.6	908.65	91.73	4.375	2.625	22.469	79.375	209.0592	304	19923446	19923750
2022-04-01 14:30:15	-54.64	908.59	91.26	4.375	2.625	22.41	79.454	158.1136	232	15204733	15204965
2022-04-01 14:40:14	-54.63	908.66	93.15	4.375	2.687	22.345	79.54	248.1456	372	24379995	24380367
2022-04-01 14:50:14	-54.57	908.83	92.97	4.375	2.687	22.691	79.078	353.872	540	35390306	35390846
2022-04-01 15:00:14	-54.69	908.95	91.65	4.437	2.562	22.792	78.944	373.2656	572	37487507	37488079
2022-04-01 15:10:14	-54.5	908.87	90.41	4.5	2.75	22.297	79.604	340.3808	521	34145090	34145611
2022-04-01 15:20:14	-54.62	909.01	91.59	4.5	2.75	22.789	78.948	267.784	405	26542733	26543138
2022-04-01 15:30:14	-54.58	909.11	91.76	4.375	2.687	22.387	79.484	197.2816	292	19136989	19137281
2022-04-01 15:40:14	-54.78	909.18	92.57	4.375	2.437	22.759	78.987	241.672	365	23921229	23921594
2022-04-01 15:50:15	-54.82	909.16	94.22	4.312	2.437	22.801	78.933	320.2256	497	32572181	32572678
2022-04-01 16:00:14	-54.91	909.16	92.84	4.375	2.437	22.338	79.55	264.6832	409	26804875	26805284
2022-04-01 16:10:14	-54.87	909.3	93.69	4.312	2.5	22.354	79.528	181.5056	272	17826233	17826505
2022-04-01 16:20:14	-54.73	909.47	94.83	4.187	2.5	22.329	79.561	167.9056	247	16187797	16188044
2022-04-01 16:30:14	-54.63	909.41	95.68	4.25	2.562	21.931	80.0	272.9248	426	27919010	27919436
2022-04-01 16:40:15	-54.76	909.5	96.85	4.437	2.5	22.061	79.919	316.4448	501	32834322	32834823
2022-04-01 16:50:14	-54.83	909.59	94.75	4.437	2.437	22.067	79.911	293.1616	467	30606042	30606509
2022-04-01 17:00:14	-54.91	909.71	95.0	4.25	2.437	21.601	80.0	206.856	320	20972029	20972349
2022-04-01 17:10:14	-54.75	909.86	94.79	4.187	2.5	21.519	80.0	228.6432	359	23527990	23528349
2022-04-01 17:20:14	-54.76	909.81	95.26	4.187	2.562	21.515	80.0	171.5776	262	17170852	17171114
2022-04-01 17:30:15	-54.47	910.0	92.67	4.187	2.812	21.519	80.0	177.8336	282	18481594	18481876
2022-04-01 17:40:15	-54.36	910.21	88.6	4.187	3.062	21.521	80.0	97.6752	149	9765103	9765252
2022-04-01 17:50:15	-54.33	910.12	85.59	4.187	3.125	21.535	80.0	197.5264	318	20840942	20841260
2022-04-01 18:00:14	-54.3	910.13	83.14	4.375	3.25	21.499	80.0	338.368	560	36701016	36701576
2022-04-01 18:10:14	-54.12	910.27	82.01	4.562	3.375	21.567	80.0	251.5184	408	26739319	26739727
2022-04-01 18:20:15	-54.01	910.21	79.39	4.625	3.437	21.569	80.0	286.5792	479	31392472	31392951
2022-04-01 18:30:14	-54.01	910.28	78.51	4.562	3.562	21.514	80.0	180.1728	286	18743744	18744030
2022-04-01 18:40:14	-53.96	910.49	76.52	4.5	3.562	21.518	80.0	80.6208	121	7930052	7930173
2022-04-01 18:50:15	-53.95	910.7	75.36	4.375	3.562	21.505	80.0	38.1888	56	3670108	3670164
2022-04-01 19:00:14	-54.05	910.6	79.24	4.312	3.5	21.507	80.0	45.8864	68	4456559	4456627
2022-04-01 19:10:14	-53.9	910.76	82.39	4.25	3.562	21.453	80.0	136.9792	229	15008092	15008321
2022-04-01 19:20:14	-53.96	910.87	82.57	4.312	3.5	21.428	80.0	117.8032	209	13697331	13697540
2022-04-01 19:30:14	-53.95	910.97	81.46	4.375	3.562	21.494	80.0	113.424	205	13435178	13435383
2022-04-01 19:40:15	-53.92	911.12	80.06	4.375	3.5	21.456	80.0	40.5552	74	4849771	4849845
2022-04-01 19:50:14	-53.83	911.25	77.97	4.25	3.625	21.491	80.0	63.6752	124	8126637	8126761
