2020-08-01 00:00:19	28.65	1007.14	39.11	27.625	28.125	21.558	80.0	0.2644	2	131083	131085
2020-08-01 00:10:16	28.54	1007.26	39.39	27.375	27.937	21.713	80.0	0.2372	2	131082	131084
2020-08-01 00:30:14	28.33	1007.44	40.14	27.125	27.562	21.929	80.0	0.2372	2	131082	131084
2020-08-01 00:40:16	27.99	1007.62	40.7	27.125	27.25	21.91	80.0	0.2198	3	196618	196621
2020-08-01 00:50:15	27.97	1007.73	40.93	27.0	27.125	21.951	80.0	0.2644	2	131083	131085
2020-08-01 01:00:15	27.74	1007.88	41.73	26.937	26.937	21.963	80.0	0.3928	4	262161	262165
2020-08-01 01:10:15	27.37	1007.91	42.55	26.875	26.687	22.235	79.687	0.2198	3	196618	196621
2020-08-01 01:20:17	27.48	1007.93	42.2	26.812	26.562	22.073	79.903	0.247	3	196619	196622
2020-08-01 01:30:15	27.29	1007.84	42.58	26.687	26.312	22.198	79.736	0.247	3	196619	196622
2020-08-01 01:40:14	27.17	1007.92	42.88	26.687	26.375	22.113	79.849	0.2198	3	196618	196621
2020-08-01 01:50:15	27.0	1008.09	43.27	26.625	26.312	22.005	79.993	0.2644	2	131083	131085
2020-08-01 02:00:15	26.93	1008.19	43.46	26.562	26.062	22.028	79.963	0.4472	4	262163	262167
2020-08-01 02:10:16	26.62	1008.43	44.19	26.562	26.0	22.177	79.764	0.2644	2	131083	131085
2020-08-01 02:30:15	26.69	1008.67	44.16	26.437	26.062	22.108	79.856	0.2372	2	131082	131084
2020-08-01 02:40:15	26.38	1008.61	44.96	26.437	25.437	22.139	79.815	0.2742	3	196620	196623
2020-08-01 02:50:16	25.83	1008.58	46.43	26.375	25.0	22.368	79.509	0.2372	2	131082	131084
2020-08-01 03:00:16	25.85	1008.63	46.74	26.25	25.0	22.436	79.419	0.247	3	196619	196622
2020-08-01 03:10:16	25.68	1008.55	47.17	26.187	24.937	22.138	79.816	0.2372	2	131082	131084
2020-08-01 03:30:15	25.87	1008.74	45.75	26.125	24.812	22.22	79.706	0.2372	2	131082	131084
2020-08-01 03:40:15	25.58	1008.53	45.93	26.062	24.437	22.375	79.5	0.2644	2	131083	131085
2020-08-01 03:50:15	26.02	1008.41	45.17	26.062	25.0	22.392	79.478	0.2372	2	131082	131084
2020-08-01 04:00:15	25.39	1008.49	46.82	26.125	24.375	22.357	79.524	0.2372	2	131082	131084
2020-08-01 04:10:16	25.32	1008.49	46.95	26.062	24.25	22.183	79.756	0.2372	2	131082	131084
2020-08-01 04:30:16	25.02	1008.5	47.9	25.625	23.812	22.416	79.445	0.2372	2	131082	131084
2020-08-01 04:40:16	25.26	1008.64	47.53	25.687	23.875	22.298	79.602	0.2372	2	131082	131084
2020-08-01 04:50:16	24.37	1008.56	50.41	25.375	23.25	22.289	79.615	0.2372	2	131082	131084
2020-08-01 05:00:17	24.23	1008.6	51.2	25.312	23.0	22.369	79.508	0.2372	2	131082	131084
2020-08-01 05:10:19	23.73	1008.56	53.28	25.312	22.75	22.443	79.409	0.2372	2	131082	131084
2020-08-01 05:30:16	23.66	1008.63	54.26	25.125	22.625	22.487	79.35	0.2198	3	196618	196621
2020-08-01 05:40:15	23.81	1008.65	53.92	25.187	22.687	22.471	79.372	0.3014	3	196621	196624
2020-08-01 05:50:52	23.1	1008.63	56.54	24.812	21.875	22.525	79.3	0.9248	1	65538	65539
2020-08-01 06:00:16	22.86	1008.69	57.4	24.75	21.75	22.52	79.306	0.9248	1	65538	65539
2020-08-01 06:10:15	23.29	1008.88	55.97	24.875	21.812	22.48	79.36	3.944	5	327689	327694
2020-08-01 06:30:16	22.53	1009.04	58.9	24.812	21.437	22.457	79.391	29.1584	58	3801168	3801226
2020-08-01 06:40:15	22.69	1009.06	58.31	24.5	20.937	22.234	79.688	63.3216	117	7667880	7667997
2020-08-01 06:50:15	22.5	1009.24	58.74	24.75	21.187	22.45	79.4	110.1056	222	14549296	14549518
2020-08-01 07:00:16	22.81	1009.34	57.95	24.687	21.312	22.196	79.739	148.1856	297	19464600	19464897
2020-08-01 07:10:15	22.38	1009.39	59.58	24.687	21.125	22.305	79.593	177.752	340	22282719	22283059
2020-08-01 07:30:19	22.16	1009.49	61.27	24.562	20.75	22.637	79.151	302.9808	571	37421867	37422438
2020-08-01 07:40:15	22.36	1009.48	61.14	24.437	20.812	23.152	78.464	420.2672	789	51709027	51709816
2020-08-01 07:50:15	22.32	1009.62	61.84	24.375	20.687	23.155	78.46	360.9712	669	43844543	43845212
2020-08-01 08:00:17	22.49	1009.73	61.64	24.437	21.25	23.032	78.624	342.3664	593	38863731	38864324
2020-08-01 08:10:17	22.08	1009.72	63.44	24.375	20.937	22.984	78.688	196.656	295	19333598	19333893
2020-08-01 08:30:16	22.14	1009.97	63.34	24.437	21.125	23.826	77.565	235.008	360	23593536	23593896
2020-08-01 08:40:16	21.74	1010.0	65.11	24.437	20.937	23.981	77.359	374.68	625	40960951	40961576
2020-08-01 08:50:15	22.47	1009.99	62.47	24.625	21.687	24.148	77.137	448.9904	748	49022067	49022815
2020-08-01 09:00:16	22.6	1010.1	62.02	24.687	21.687	22.642	79.144	494.8496	827	54199529	54200356
2020-08-01 09:10:16	22.21	1010.16	63.41	24.812	21.562	22.228	79.697	763.2864	1293	84739998	84741291
2020-08-01 09:30:18	22.29	1010.25	63.08	24.812	21.562	22.386	79.485	865.0688	1456	95422620	95424076
2020-08-01 09:40:16	22.78	1010.12	61.64	24.625	21.75	21.205	80.0	659.4912	1094	71698054	71699148
2020-08-01 09:50:20	23.09	1010.11	60.59	24.875	22.25	21.029	80.0	735.2704	1223	80152392	80153615
2020-08-01 10:00:15	22.94	1010.2	61.17	24.937	22.25	21.109	80.0	533.0384	858	56231221	56232079
2020-08-01 10:10:16	22.89	1010.33	61.59	24.75	22.187	21.224	80.0	346.3104	548	35914588	35915136
2020-08-01 10:30:15	22.9	1010.32	61.62	24.625	22.062	21.426	80.0	690.1728	1086	71173806	71174892
2020-08-01 10:40:17	23.36	1010.31	59.47	24.937	22.687	21.446	80.0	986.4896	1652	108267980	108269632
2020-08-01 10:50:15	23.71	1010.33	57.77	25.437	22.875	21.233	80.0	939.7328	1536	100665661	100667197
2020-08-01 11:00:15	23.65	1010.34	58.33	25.437	23.062	21.338	80.0	1024.9232	1634	107088377	107090011
2020-08-01 11:10:16	23.47	1010.37	57.82	25.312	23.0	21.253	80.0	963.8864	1593	104401285	104402878
2020-08-01 11:30:16	23.8	1010.51	56.87	25.562	23.187	21.149	80.0	835.0944	1378	90310718	90312096
2020-08-01 11:40:15	23.99	1010.68	56.39	25.875	23.562	21.162	80.0	812.056	1345	88147975	88149320
2020-08-01 11:50:15	24.11	1010.58	55.83	26.312	23.625	21.23	80.0	1310.3056	2197	143985925	143988122
2020-08-01 12:00:16	24.12	1010.59	54.69	26.5	23.5	20.899	80.0	1306.4704	2173	142413040	142415213
2020-08-01 12:10:14	24.56	1010.61	53.53	26.75	24.0	21.169	80.0	1137.232	1840	120589090	120590930
2020-08-01 12:30:15	26.0	1010.65	48.97	26.937	24.937	21.342	80.0	1755.3248	2851	186847542	186850393
2020-08-01 12:40:15	25.42	1010.55	50.35	27.0	24.625	21.141	80.0	1908.5968	3141	205853393	205856534
2020-08-01 12:50:15	25.99	1010.53	47.59	26.687	25.187	21.349	80.0	2271.7712	3694	242095689	242099383
2020-08-01 13:00:18	25.92	1010.58	46.17	26.312	25.25	21.253	80.0	2265.6512	3669	240457264	240460933
2020-08-01 13:10:16	26.25	1010.52	44.77	26.0	25.312	21.245	80.0	2455.5344	4028	263985197	263989225
2020-08-01 13:30:15	26.45	1010.5	44.54	26.75	25.75	21.265	80.0	2354.5952	3824	250615574	250619398
2020-08-01 13:40:15	26.8	1010.35	43.85	27.5	26.375	21.257	80.0	1756.3312	2819	184750371	184753190
2020-08-01 13:50:17	26.08	1010.32	45.71	27.562	25.937	21.27	80.0	1208.1968	1966	128846811	128848777
2020-08-01 14:00:15	25.62	1010.38	48.18	27.312	25.437	21.318	80.0	1038.6592	1679	110037546	110039225
2020-08-01 14:10:15	25.91	1010.28	48.1	27.437	25.437	21.273	80.0	1241.5712	1994	130681886	130683880
2020-08-01 14:30:16	27.11	1010.16	45.62	27.875	26.375	21.304	80.0	3540.7872	6239	408888304	408894543
2020-08-01 14:40:16	26.73	1009.99	46.68	27.875	26.25	21.308	80.0	1815.9264	2718	178131258	178133976
2020-08-01 14:50:19	26.54	1009.92	46.66	27.5	26.25	21.267	80.0	3486.1968	6041	395911969	395918010
2020-08-01 15:00:15	26.32	1010.02	47.28	27.937	26.062	21.341	80.0	1466.7328	2311	151457332	151459643
2020-08-01 15:10:15	26.88	1009.89	45.83	28.125	26.562	21.332	80.0	1659.6896	2577	168890362	168892939
2020-08-01 15:30:15	27.92	1009.78	43.49	28.187	27.125	21.328	80.0	4183.2784	7133	467479005	467486138
2020-08-01 15:40:14	28.22	1009.66	42.6	28.937	27.875	21.324	80.0	2164.3856	3372	220992733	220996105
2020-08-01 15:50:15	28.05	1009.6	42.54	28.937	27.312	21.337	80.0	4261.7232	7309	479013569	479020878
2020-08-01 16:00:15	28.89	1009.62	40.16	29.375	27.312	21.708	80.0	4532.744	7805	511520141	511527946
2020-08-01 16:10:17	28.83	1009.66	39.88	29.0	28.062	21.954	80.0	2691.032	4290	281156143	281160433
2020-08-01 16:30:15	28.22	1009.6	40.9	28.687	27.812	23.198	78.403	1765.008	2901	190124404	190127305
2020-08-01 16:40:15	27.48	1009.54	42.44	28.5	27.0	23.221	78.372	1334.6768	2191	143592741	143594932
2020-08-01 16:50:15	27.82	1009.66	41.86	28.812	27.25	23.117	78.51	1283.5952	2049	134286463	134288512
2020-08-01 17:00:16	28.25	1009.6	40.74	28.812	27.687	23.09	78.546	1583.2848	2576	168824713	168827289
2020-08-01 17:10:15	28.42	1009.57	39.99	28.687	27.875	23.131	78.492	1403.1936	2332	152833508	152835840
2020-08-01 17:30:16	27.22	1009.53	43.55	27.75	26.625	23.214	78.381	557.6272	864	56624477	56625341
2020-08-01 17:40:16	27.2	1009.61	43.71	27.437	26.562	23.191	78.412	665.584	1080	70780550	70781630
2020-08-01 17:50:17	27.2	1009.57	43.61	27.625	26.562	23.176	78.432	916.776	1495	97978625	97980120
2020-08-01 18:00:17	26.59	1009.62	44.88	27.437	26.25	23.202	78.398	640.6688	1031	67569218	67570249
2020-08-01 18:10:15	27.1	1009.53	43.67	27.312	26.437	23.163	78.449	604.928	985	64554480	64555465
2020-08-01 18:30:15	26.97	1009.51	43.61	27.5	26.25	23.177	78.43	951.1296	1627	106629512	106631139
2020-08-01 18:40:15	27.25	1009.57	42.91	27.562	26.5	23.196	78.405	832.32	1400	91752520	91753920
2020-08-01 18:50:15	27.49	1009.54	42.26	28.25	26.687	23.199	78.402	1147.704	1980	129764235	129766215
2020-08-01 19:00:16	27.31	1009.47	42.47	28.25	26.5	23.224	78.368	947.92	1625	106498434	106500059
2020-08-01 19:10:15	27.91	1009.35	40.97	30.937	27.437	23.125	78.5	896.0768	1466	96078032	96079498
2020-08-01 19:30:16	28.96	1009.24	37.67	31.5	27.75	22.838	78.883	2509.2816	5567	364846165	364851732
2020-08-01 19:40:15	29.52	1009.28	36.36	34.687	28.5	23.571	77.905	2230.536	5020	328997213	329002233
2020-08-01 19:50:16	28.2	1009.02	36.53	35.062	27.687	23.183	78.422	1461.2112	3469	227348753	227352222
