2021-06-01 00:00:18	21.94	1008.22	34.21	22.062	20.125	26.207	73.992	0.2372	2	131082	131084
2021-06-01 00:10:15	22.2	1008.27	34.61	21.937	19.937	26.232	73.962	0.2372	2	131082	131084
2021-06-01 00:30:15	21.99	1008.2	35.77	21.687	19.875	26.261	73.928	0.2372	2	131082	131084
2021-06-01 00:40:15	21.44	1008.1	36.83	21.5	19.312	26.096	74.174	0.2644	2	131083	131085
2021-06-01 00:50:14	22.12	1008.09	35.64	21.437	20.0	26.211	73.987	0.247	3	196619	196622
2021-06-01 01:00:15	21.84	1008.04	36.34	21.375	19.75	26.233	73.962	0.247	3	196619	196622
2021-06-01 01:10:14	21.42	1008.04	36.82	21.25	19.187	26.208	73.99	0.2916	2	131084	131086
2021-06-01 01:20:15	21.04	1008.04	37.91	21.125	18.75	26.219	73.978	0.2644	2	131083	131085
2021-06-01 01:30:15	21.62	1007.88	37.17	21.062	19.187	26.194	74.01	0.2644	2	131083	131085
2021-06-01 01:40:14	21.27	1007.91	38.03	21.0	19.0	26.21	73.988	0.2644	2	131083	131085
2021-06-01 01:50:14	21.35	1007.88	37.93	20.875	19.125	26.122	74.13	0.2644	2	131083	131085
2021-06-01 02:00:15	21.0	1007.82	38.72	20.812	19.062	26.205	73.994	0.2644	2	131083	131085
2021-06-01 02:10:14	20.9	1007.83	38.96	20.75	18.812	26.295	73.888	0.2372	2	131082	131084
2021-06-01 02:20:14	20.85	1007.71	39.13	20.625	18.812	26.266	73.923	0.2372	2	131082	131084
2021-06-01 02:30:15	19.94	1007.74	40.92	20.562	18.312	26.159	74.068	0.2372	2	131082	131084
2021-06-01 02:40:14	20.14	1007.68	40.4	20.437	18.062	26.217	73.98	0.2372	2	131082	131084
2021-06-01 02:50:15	20.43	1007.57	39.6	20.25	17.75	26.15	74.083	0.2372	2	131082	131084
2021-06-01 03:00:15	20.0	1007.58	40.61	20.187	17.437	26.157	74.071	0.2372	2	131082	131084
2021-06-01 03:10:14	20.53	1007.52	39.43	20.125	18.0	26.208	73.991	0.2372	2	131082	131084
2021-06-01 03:20:14	20.16	1007.43	40.21	20.062	18.0	26.175	74.041	0.2372	2	131082	131084
2021-06-01 03:30:15	19.98	1007.43	40.42	19.937	17.75	26.182	74.03	0.2372	2	131082	131084
2021-06-01 03:40:14	19.8	1007.38	40.19	19.812	17.437	26.141	74.099	0.2372	2	131082	131084
2021-06-01 03:50:15	19.88	1007.33	40.05	19.75	17.5	26.15	74.084	0.2372	2	131082	131084
2021-06-01 04:00:14	19.09	1007.1	41.17	19.812	17.5	26.29	73.894	0.2372	2	131082	131084
2021-06-01 04:10:15	19.18	1007.11	40.53	19.75	17.125	30.471	68.786	0.2372	2	131082	131084
2021-06-01 04:20:14	18.87	1007.01	41.05	19.625	17.062	30.869	68.289	0.2372	2	131082	131084
2021-06-01 04:30:15	18.77	1007.09	41.3	19.562	16.937	30.422	68.848	0.2372	2	131082	131084
2021-06-01 04:40:14	18.41	1007.05	41.67	19.5	16.625	30.901	68.249	0.2372	2	131082	131084
2021-06-01 04:50:14	18.73	1006.94	41.07	19.5	17.062	30.573	68.658	0.2644	2	131083	131085
2021-06-01 05:00:14	19.11	1006.95	40.63	19.312	16.937	30.471	68.786	0.247	3	196619	196622
2021-06-01 05:10:15	18.34	1006.9	42.4	19.187	16.25	30.974	68.158	0.3308	6	393232	393238
2021-06-01 05:20:15	18.48	1006.87	42.08	19.125	16.312	30.777	68.403	0.2448	1	65537	65538
2021-06-01 05:30:14	18.54	1006.85	41.96	19.125	16.5	30.915	68.231	3.264	5	327688	327693
2021-06-01 05:40:14	18.29	1006.74	42.72	18.875	16.312	30.851	68.311	7.752	15	983061	983076
2021-06-01 05:50:15	18.17	1006.66	43.06	18.875	16.312	31.007	68.116	18.904	30	1966127	1966157
2021-06-01 06:00:15	16.98	1006.6	45.84	18.875	15.562	30.884	68.269	35.904	55	3604568	3604623
2021-06-01 06:10:15	18.15	1006.68	43.02	18.75	15.937	30.918	68.228	58.6704	98	6422677	6422775
2021-06-01 06:20:15	18.45	1006.66	42.44	18.625	16.062	30.855	68.307	84.864	130	8519888	8520018
2021-06-01 06:30:15	18.36	1006.71	42.78	18.625	16.062	30.392	68.885	110.8128	161	10551562	10551723
2021-06-01 06:40:21	18.27	1006.55	43.32	18.687	16.062	30.958	68.178	134.4224	188	12321086	12321274
2021-06-01 06:50:15	17.96	1006.61	44.16	18.75	15.812	30.918	68.227	155.7472	214	14025070	14025284
2021-06-01 07:00:14	17.52	1006.6	45.13	18.812	15.812	30.902	68.248	172.7472	239	15663511	15663750
2021-06-01 07:10:15	17.22	1006.48	46.06	18.875	15.437	30.947	68.192	196.384	280	18350548	18350828
2021-06-01 07:20:15	16.82	1006.41	47.3	18.875	15.125	30.977	68.154	218.7968	316	20709900	20710216
2021-06-01 07:30:15	17.05	1006.35	47.51	18.937	15.437	30.967	68.167	221.7888	306	20054538	20054844
2021-06-01 07:40:14	17.71	1006.37	45.36	18.937	16.312	30.563	68.671	233.7568	316	20709922	20710238
2021-06-01 07:50:15	17.59	1006.27	45.86	19.0	16.25	30.957	68.179	240.856	320	20972079	20972399
2021-06-01 08:00:16	17.81	1006.28	44.97	19.062	16.687	30.561	68.674	245.9152	324	21234233	21234557
2021-06-01 08:10:16	18.45	1006.34	44.76	19.125	18.062	26.306	73.875	252.1984	333	21824072	21824405
2021-06-01 08:20:14	17.48	1006.28	45.94	19.187	16.937	30.613	68.608	258.1008	346	22676057	22676403
2021-06-01 08:30:14	18.04	1006.27	44.6	19.187	17.062	30.583	68.646	265.9072	364	23855728	23856092
2021-06-01 08:40:15	17.89	1006.23	45.08	19.25	17.125	30.533	68.709	271.9184	383	25100933	25101316
2021-06-01 08:50:15	18.01	1006.16	44.84	19.312	17.625	26.331	73.845	278.3376	412	27001505	27001917
2021-06-01 09:00:14	18.26	1006.13	44.47	19.312	17.562	26.253	73.938	300.3152	474	31064809	31065283
2021-06-01 09:10:31	18.32	1006.15	44.78	19.375	17.562	26.315	73.864	353.464	605	39650187	39650792
2021-06-01 09:20:21	18.57	1006.07	44.22	19.5	18.187	26.252	73.938	414.5824	738	48366650	48367388
2021-06-01 09:30:16	19.81	1005.93	47.56	19.562	20.062	26.321	73.858	487.7776	887	58131717	58132604
2021-06-01 09:40:15	19.63	1005.96	43.53	19.625	19.812	26.167	74.055	594.5376	1087	71239202	71240289
2021-06-01 09:50:14	19.95	1005.87	43.53	19.812	20.187	26.195	74.009	801.8832	1434	93980721	93982155
2021-06-01 10:00:15	20.69	1005.86	42.47	19.937	21.0	26.183	74.028	1039.3936	1807	118426237	118428044
2021-06-01 10:10:15	20.44	1005.62	42.65	20.062	20.375	26.185	74.025	1238.552	2115	138611815	138613930
2021-06-01 10:20:14	20.87	1005.52	41.39	20.25	21.062	26.214	73.983	1420.3296	2377	155782682	155785059
2021-06-01 10:30:15	21.31	1005.44	41.18	20.5	21.312	26.23	73.965	1602.2432	2634	172625866	172628500
2021-06-01 10:40:15	21.62	1005.41	39.4	20.687	21.625	26.275	73.912	1829.472	2940	192680412	192683352
2021-06-01 10:50:14	21.78	1005.35	40.33	20.875	22.187	25.744	74.759	1968.1104	3123	204673821	204676944
2021-06-01 11:00:15	21.86	1005.31	39.84	21.062	22.062	25.862	74.564	2009.4544	3178	208278397	208281575
2021-06-01 11:10:15	21.94	1005.35	39.91	21.25	22.312	25.788	74.687	1984.2944	3153	206639944	206643097
2021-06-01 11:20:15	22.18	1005.3	39.72	21.437	22.187	25.721	74.799	1971.9456	3147	206246706	206249853
2021-06-01 11:30:15	22.75	1005.22	39.0	21.625	22.75	25.791	74.682	1970.0416	3142	205919020	205922162
2021-06-01 11:40:15	22.72	1005.06	38.94	21.75	22.937	25.71	74.817	1971.3744	3153	206639925	206643078
2021-06-01 11:50:14	23.37	1005.0	36.89	21.937	23.5	25.341	75.431	1961.5008	3121	204542738	204545859
2021-06-01 12:00:15	23.13	1004.94	38.74	22.25	23.437	25.858	74.57	1918.4704	3048	199758500	199761548
2021-06-01 12:10:16	23.75	1004.85	36.71	22.437	23.875	25.814	74.644	1870.8704	2973	194843182	194846155
2021-06-01 12:20:14	24.37	1004.85	35.18	22.812	24.75	25.86	74.567	1823.5696	2902	190190011	190192913
2021-06-01 12:30:15	24.37	1004.75	34.49	23.187	24.687	25.899	74.502	1785.3536	2857	187240806	187243663
2021-06-01 12:40:14	24.32	1004.6	33.41	23.187	24.562	25.815	74.641	1719.5024	2764	181145800	181148564
2021-06-01 12:50:15	24.55	1004.57	34.59	23.25	24.875	25.777	74.705	1761.0368	2816	184553768	184556584
2021-06-01 13:00:14	24.8	1004.53	33.19	23.25	25.125	25.759	74.734	1817.7216	2917	191173052	191175969
2021-06-01 13:10:16	25.22	1004.48	33.82	23.5	25.5	25.857	74.572	2018.2128	3186	208802703	208805889
2021-06-01 13:20:15	25.43	1004.34	31.79	23.75	25.625	25.877	74.538	2131.8272	3439	225383640	225387079
2021-06-01 13:30:15	26.09	1004.43	30.97	24.125	26.375	25.952	74.413	2242.8032	3684	241440280	241443964
2021-06-01 13:40:15	26.08	1004.23	31.82	24.125	26.125	25.758	74.737	2387.072	3990	261494704	261498694
2021-06-01 13:50:15	26.14	1004.14	30.24	24.5	26.187	25.868	74.554	2494.2944	4203	275454166	275458369
2021-06-01 14:00:23	26.26	1004.07	28.63	24.437	26.062	25.868	74.554	2659.0448	4551	298261159	298265710
2021-06-01 14:10:16	26.7	1004.06	29.23	24.5	26.812	25.853	74.579	2790.8288	4781	313334780	313339561
2021-06-01 14:20:16	27.23	1003.98	25.66	25.0	27.187	25.927	74.455	3007.3952	5099	334175750	334180849
2021-06-01 14:30:14	27.16	1003.97	26.53	25.0	27.062	25.436	75.274	3159.008	5335	349642620	349647955
2021-06-01 14:40:16	27.55	1003.8	26.49	25.25	27.375	25.369	75.385	3336.896	5595	366682408	366688003
2021-06-01 14:50:16	27.66	1003.71	26.3	25.5	27.562	25.828	74.62	3450.8368	5766	377889341	377895107
2021-06-01 15:00:15	28.08	1003.78	26.13	25.937	28.062	25.794	74.677	3576.8272	5939	389227365	389233304
2021-06-01 15:10:16	28.28	1003.81	24.9	25.937	28.25	25.727	74.788	3679.5616	6092	399254622	399260714
2021-06-01 15:20:15	28.38	1003.69	25.14	26.062	27.812	25.788	74.686	3755.9392	6204	406594838	406601042
2021-06-01 15:30:14	28.18	1003.69	26.55	26.187	27.625	25.81	74.65	3815.8336	6282	411706784	411713066
2021-06-01 15:40:14	28.75	1003.65	26.86	26.312	28.437	25.849	74.585	3935.568	6460	423372482	423378942
2021-06-01 15:50:15	28.63	1003.49	27.06	26.5	28.25	25.855	74.576	4001.2832	6584	431499122	431505706
2021-06-01 16:00:16	28.78	1003.42	27.06	26.5	28.25	25.856	74.573	4019.5616	6617	433661858	433668475
2021-06-01 16:10:16	28.83	1003.43	27.53	26.75	28.25	25.801	74.665	4063.2992	6679	437725194	437731873
2021-06-01 16:20:15	29.16	1003.33	27.25	26.937	28.25	25.876	74.54	4065.8832	6684	438052881	438059565
2021-06-01 16:30:14	29.21	1003.26	27.21	27.0	28.5	25.787	74.688	4079.9184	6733	441264197	441270930
2021-06-01 16:40:14	29.13	1003.22	27.09	27.062	28.812	25.831	74.614	4028.6192	6704	439363559	439370263
2021-06-01 16:50:14	29.64	1003.09	26.95	27.125	28.875	25.798	74.67	4011.3744	6703	439297997	439304700
2021-06-01 17:00:16	29.46	1003.13	26.9	27.375	28.625	25.806	74.657	3902.1392	6604	432809709	432816313
2021-06-01 17:10:15	29.76	1003.03	26.32	27.625	28.75	25.402	75.331	3865.3104	6598	432416435	432423033
2021-06-01 17:20:15	30.6	1003.08	25.51	27.812	30.0	25.43	75.283	3826.224	6555	429598302	429604857
2021-06-01 17:30:15	30.21	1002.98	25.77	28.187	29.437	25.849	74.585	3717.7232	6459	423306625	423313084
2021-06-01 17:40:15	30.13	1002.84	26.52	28.687	29.062	25.798	74.67	3673.7952	6399	419702046	419708450
2021-06-01 17:50:16	30.02	1002.78	27.14	29.25	29.0	25.845	74.592	3635.2528	6411	420160745	420167156
2021-06-01 18:00:15	30.28	1002.68	27.47	31.437	29.375	25.723	74.795	3527.2416	6292	412361726	412368018
2021-06-01 18:10:16	30.31	1002.65	28.37	35.062	29.25	25.818	74.637	3559.7728	6361	416883802	416890163
2021-06-01 18:20:16	30.36	1002.52	28.48	39.437	29.437	25.754	74.743	3518.2656	6372	417604644	417611016
2021-06-01 18:30:15	30.64	1002.49	28.61	42.937	29.125	25.699	74.835	3479.152	6340	415507414	415513754
2021-06-01 18:40:16	30.85	1002.54	28.26	44.187	29.437	25.68	74.867	3274.6624	6113	400630296	400636409
2021-06-01 18:50:16	29.89	1002.43	30.01	44.375	28.5	27.423	72.561	3068.5952	5799	380051488	380057287
2021-06-01 19:00:14	31.24	1002.34	28.03	45.687	29.937	27.417	72.568	2833.152	5465	358161904	358167369
2021-06-01 19:10:14	30.88	1002.17	28.78	52.375	29.562	27.682	72.256	2749.5664	5418	355081559	355086977
2021-06-01 19:20:15	29.9	1002.36	30.34	51.562	28.375	27.796	72.122	2523.752	5140	336862041	336867181
2021-06-01 19:30:15	28.45	1002.29	32.51	47.375	27.312	27.872	72.033	2147.6032	4459	292231036	292235495
2021-06-01 19:40:14	29.97	1002.33	30.3	44.812	28.437	27.695	72.242	2016.9072	4364	286004863	286009227
2021-06-01 19:50:15	29.97	1002.28	30.93	46.0	28.375	31.377	67.654	1770.6112	3894	255202280	255206174
2021-06-01 20:00:15	29.07	1002.3	31.68	45.437	27.75	31.402	67.623	1464.2304	3298	216141992	216145290
2021-06-01 20:10:14	28.9	1002.28	33.43	44.687	27.5	31.467	67.542	663.9248	1326	86902561	86903887
2021-06-01 20:20:14	28.18	1002.36	35.6	39.75	27.125	31.457	67.554	339.184	480	31458086	31458566
2021-06-01 20:30:14	27.41	1002.35	37.28	32.812	26.437	31.297	67.754	274.0944	353	23134837	23135190
2021-06-01 20:40:14	27.41	1002.32	37.31	29.437	26.437	31.103	67.996	225.216	270	17695224	17695494
2021-06-01 20:50:16	27.2	1002.48	37.34	28.0	26.062	31.058	68.053	186.8368	216	14156189	14156405
2021-06-01 21:00:16	26.98	1002.56	37.76	27.437	25.937	31.086	68.018	153.9248	176	11534675	11534851
2021-06-01 21:10:15	27.22	1002.7	37.21	27.062	25.937	31.125	67.968	121.9104	148	9699602	9699750
2021-06-01 21:20:15	26.86	1002.68	37.69	26.812	25.75	31.081	68.024	88.9712	119	7798991	7799110
2021-06-01 21:30:16	26.9	1002.72	37.91	26.562	25.562	31.1	68.0	56.3584	83	5439624	5439707
2021-06-01 21:40:14	26.83	1002.72	37.93	26.312	25.437	31.143	67.946	30.1104	48	3145803	3145851
2021-06-01 21:50:15	26.96	1002.77	38.24	26.125	25.437	31.204	67.87	14.5248	26	1703974	1704000
2021-06-01 22:00:15	26.81	1002.88	39.04	25.937	25.375	31.056	68.055	5.4128	11	720911	720922
2021-06-01 22:10:14	26.86	1003.04	39.56	25.75	25.125	31.073	68.034	2.0944	3	196613	196616
2021-06-01 22:20:15	26.5	1003.11	40.72	25.625	24.812	31.12	67.975	1.36	0	2	2
2021-06-01 22:30:15	26.22	1003.14	41.85	25.437	24.687	31.132	67.96	0.3133	7	458768	458775
2021-06-01 22:40:14	26.32	1003.23	41.83	25.375	24.687	31.143	67.946	0.3112	4	262158	262162
2021-06-01 22:50:15	26.04	1003.27	42.48	25.312	24.312	31.193	67.884	0.3384	4	262159	262163
2021-06-01 23:00:14	25.73	1003.3	43.36	25.187	24.187	31.154	67.932	0.3014	3	196621	196624
2021-06-01 23:10:15	25.45	1003.27	44.06	25.0	23.875	31.115	67.981	0.3014	3	196621	196624
2021-06-01 23:20:15	25.54	1003.32	43.91	24.937	23.812	31.058	68.053	0.3014	3	196621	196624
2021-06-01 23:30:14	25.55	1003.36	43.83	24.75	23.687	31.097	68.003	0.3384	4	262159	262163
2021-06-01 23:40:15	25.26	1003.38	44.29	24.687	23.562	31.137	67.954	0.2742	3	196620	196623
2021-06-01 23:50:15	25.21	1003.42	43.93	24.625	23.562	31.043	68.072	0.2742	3	196620	196623
2021-06-02 00:00:17	25.0	1003.42	43.93	24.5	23.312	31.056	68.055	0.2742	3	196620	196623
2021-06-02 00:10:14	24.92	1003.37	43.46	24.437	23.125	31.05	68.063	0.2742	3	196620	196623
2021-06-02 00:20:15	24.61	1003.34	43.68	24.312	22.875	31.049	68.063	0.247	3	196619	196622
2021-06-02 00:30:15	24.66	1003.23	42.96	24.187	22.75	31.019	68.102	0.247	3	196619	196622
2021-06-02 00:40:14	24.11	1003.24	43.83	24.0	22.562	31.15	67.937	0.247	3	196619	196622
2021-06-02 00:50:14	24.09	1003.22	43.46	23.937	22.437	31.044	68.07	0.2916	2	131084	131086
2021-06-02 01:00:14	24.35	1003.12	42.53	23.812	22.25	31.099	68.001	0.2742	3	196620	196623
2021-06-02 01:10:14	24.2	1003.03	42.74	23.75	22.125	31.135	67.956	0.2916	2	131084	131086
2021-06-02 01:20:15	23.42	1003.01	44.38	23.687	21.812	31.105	67.994	0.2372	2	131082	131084
2021-06-02 01:30:14	23.69	1003.1	43.27	23.562	21.937	31.07	68.037	2.9648	1	65541	65542
2021-06-02 01:40:15	23.84	1003.11	42.57	23.5	21.875	31.092	68.01	0.2372	2	131082	131084
2021-06-02 01:50:15	23.88	1003.12	42.68	23.375	21.75	31.098	68.003	0.2372	2	131082	131084
2021-06-02 02:00:15	23.37	1003.11	43.48	23.312	21.562	31.133	67.959	0.2372	2	131082	131084
2021-06-02 02:10:14	22.98	1002.94	44.54	23.187	21.25	31.099	68.001	0.2372	2	131082	131084
2021-06-02 02:20:15	22.86	1002.88	45.11	23.062	21.062	31.113	67.984	0.2372	2	131082	131084
2021-06-02 02:30:15	23.1	1002.98	44.87	23.0	21.062	31.043	68.071	0.2372	2	131082	131084
2021-06-02 02:40:14	23.58	1003.05	43.75	22.937	21.187	31.092	68.01	0.2372	2	131082	131084
2021-06-02 02:50:16	23.25	1003.08	44.58	22.875	21.312	30.692	68.51	0.2372	2	131082	131084
2021-06-02 03:00:15	23.52	1003.04	44.22	22.812	21.562	31.083	68.021	0.2372	2	131082	131084
2021-06-02 03:10:15	23.63	1003.03	44.09	22.812	21.5	30.602	68.622	0.2372	2	131082	131084
2021-06-02 03:20:15	23.51	1003.0	44.46	22.75	21.5	30.699	68.502	0.2372	2	131082	131084
2021-06-02 03:30:15	23.09	1002.88	45.46	22.687	20.812	31.041	68.073	0.2372	2	131082	131084
2021-06-02 03:40:15	22.8	1002.93	46.49	22.562	20.625	30.652	68.56	0.2372	2	131082	131084
2021-06-02 03:50:15	22.68	1002.99	46.87	22.5	20.625	31.05	68.062	0.2372	2	131082	131084
2021-06-02 04:00:15	22.26	1003.06	48.38	22.375	20.375	31.195	67.881	0.2372	2	131082	131084
2021-06-02 04:10:16	22.73	1002.97	47.21	22.312	20.437	31.127	67.967	0.2372	2	131082	131084
2021-06-02 04:20:15	22.54	1002.85	48.0	22.25	20.375	31.126	67.968	0.2372	2	131082	131084
2021-06-02 04:30:14	22.22	1002.95	49.14	22.125	20.312	31.117	67.978	0.2372	2	131082	131084
2021-06-02 04:40:14	22.88	1002.97	47.39	22.125	21.125	30.699	68.501	0.2372	2	131082	131084
2021-06-02 04:50:14	22.52	1003.08	48.42	22.125	20.875	31.131	67.961	0.2198	3	196618	196621
2021-06-02 05:00:15	22.67	1002.94	48.08	22.0	20.437	30.737	68.454	0.2296	4	262155	262159
2021-06-02 05:10:14	22.69	1002.97	48.13	21.937	20.562	30.672	68.534	0.68	0	1	1
2021-06-02 05:20:15	22.49	1003.11	48.88	21.937	20.562	30.745	68.443	0.9248	1	65538	65539
2021-06-02 05:30:15	22.3	1003.04	49.51	21.812	20.25	31.198	67.877	3.0192	4	262151	262155
2021-06-02 05:40:14	22.42	1002.98	49.32	21.812	20.25	31.136	67.955	7.5072	14	917524	917538
2021-06-02 05:50:14	21.29	1002.99	52.79	21.625	19.375	31.224	67.845	17.7344	28	1835052	1835080
2021-06-02 06:00:15	22.41	1002.98	49.48	21.625	20.062	31.124	67.97	35.1696	52	3407957	3408009
2021-06-02 06:10:14	21.96	1003.12	50.76	21.625	19.625	31.125	67.968	55.7872	89	5832843	5832932
2021-06-02 06:20:15	21.38	1003.0	52.49	21.562	19.375	31.056	68.056	72.216	95	6226087	6226182
2021-06-02 06:30:15	21.22	1003.05	53.25	21.5	19.312	31.109	67.989	91.0656	97	6357188	6357285
2021-06-02 06:40:15	21.22	1003.11	53.64	21.5	19.375	31.18	67.9	111.52	125	8192244	8192369
2021-06-02 06:50:15	20.82	1003.04	55.28	21.5	19.125	31.103	67.996	148.92	175	11469131	11469306
2021-06-02 07:00:15	20.72	1003.09	56.05	21.562	19.125	31.099	68.001	187.3808	246	16122289	16122535
2021-06-02 07:10:14	20.41	1003.17	57.6	21.562	19.125	31.145	67.944	206.8288	281	18416100	18416381
2021-06-02 07:20:14	20.34	1003.33	58.57	21.5	19.125	31.176	67.905	229.8672	314	20578843	20579157
2021-06-02 07:30:16	19.66	1003.36	61.38	21.5	18.875	31.197	67.879	241.2368	316	20709933	20710249
2021-06-02 07:40:15	19.9	1003.44	61.67	21.437	18.875	31.103	67.996	253.2048	326	21365317	21365643
2021-06-02 07:50:16	20.03	1003.47	62.23	21.437	18.937	31.109	67.989	262.344	330	21627477	21627807
