2021-11-01 00:00:17	10.54	993.3	93.69	12.062	11.25	27.755	72.17	0.1556	2	131079	131081
2021-11-01 00:10:14	10.53	993.31	94.01	12.062	11.25	27.795	72.124	0.1556	2	131079	131081
2021-11-01 00:30:14	10.47	993.34	95.13	11.937	11.125	28.248	71.565	0.1556	2	131079	131081
2021-11-01 00:40:14	10.41	993.42	96.05	11.875	11.062	28.307	71.491	0.1556	2	131079	131081
2021-11-01 00:50:14	10.25	993.34	96.93	11.875	10.937	28.243	71.572	0.1556	2	131079	131081
2021-11-01 01:00:14	10.21	993.26	97.49	11.812	10.812	28.125	71.719	0.1556	2	131079	131081
2021-11-01 01:10:15	10.23	993.15	97.3	11.625	10.875	28.088	71.765	0.1556	2	131079	131081
2021-11-01 01:20:15	10.19	993.11	98.19	11.562	10.812	28.203	71.621	0.1556	2	131079	131081
2021-11-01 01:30:15	10.14	993.04	98.69	11.562	10.687	28.198	71.628	0.1556	2	131079	131081
2021-11-01 01:40:14	10.01	992.98	99.91	11.5	10.687	27.998	71.877	0.1556	2	131079	131081
2021-11-01 01:50:14	10.04	992.8	99.9	11.5	10.625	28.03	71.838	0.1556	2	131079	131081
2021-11-01 02:00:14	9.81	992.71	100	11.375	10.5	28.144	71.695	0.1556	2	131079	131081
2021-11-01 02:10:14	9.85	992.59	100	11.437	10.5	28.173	71.659	0.1556	2	131079	131081
2021-11-01 02:20:14	9.76	992.63	100	11.625	10.437	28.188	71.64	0.1556	2	131079	131081
2021-11-01 02:30:14	9.82	992.43	100	11.562	10.437	28.116	71.73	0.1556	2	131079	131081
2021-11-01 02:40:14	9.82	992.45	100	11.625	10.437	28.084	71.77	0.1556	2	131079	131081
2021-11-01 02:50:14	9.81	992.49	100	11.5	10.437	28.081	71.774	0.1556	2	131079	131081
2021-11-01 03:00:14	9.71	992.36	100	11.5	10.312	28.061	71.799	0.1556	2	131079	131081
2021-11-01 03:10:31	9.74	992.34	100	11.437	10.375	28.174	71.658	0.1556	2	131079	131081
2021-11-01 03:20:13	9.6	992.24	100	11.437	10.25	28.074	71.783	0.1556	2	131079	131081
2021-11-01 03:30:14	9.63	992.33	99.86	11.312	10.312	28.016	71.855	0.1556	2	131079	131081
2021-11-01 03:40:14	9.64	992.41	99.91	11.375	10.312	28.035	71.831	0.1556	2	131079	131081
2021-11-01 03:50:14	9.56	992.35	100	11.25	10.25	27.996	71.879	0.1284	2	131078	131080
2021-11-01 04:00:14	9.49	992.29	100	11.187	10.125	27.921	71.974	0.1284	2	131078	131080
2021-11-01 04:10:14	9.44	992.21	100	11.125	10.125	21.144	80.0	0.1284	2	131078	131080
2021-11-01 04:20:14	9.4	992.15	100	11.062	10.062	21.09	80.0	0.1556	2	131079	131081
2021-11-01 04:30:14	9.33	992.25	100	11.0	10.0	20.99	80.0	0.1556	2	131079	131081
2021-11-01 04:40:14	9.19	992.28	100	10.937	9.875	20.953	80.0	0.1556	2	131079	131081
2021-11-01 04:50:13	9.16	992.31	100	10.812	9.875	21.0	80.0	0.1556	2	131079	131081
2021-11-01 05:00:14	9.22	992.6	100	10.812	9.937	21.002	80.0	0.1556	2	131079	131081
2021-11-01 05:10:13	9.28	992.7	100	10.812	10.0	21.035	80.0	0.1556	2	131079	131081
2021-11-01 05:20:14	9.24	992.68	100	10.812	10.0	20.966	80.0	0.1556	2	131079	131081
2021-11-01 05:30:14	9.34	992.59	99.32	10.812	10.125	21.018	80.0	0.1556	2	131079	131081
2021-11-01 05:40:14	9.39	992.66	97.87	10.812	10.187	21.019	80.0	0.1556	2	131079	131081
2021-11-01 05:50:14	9.47	992.65	96.26	10.875	10.312	21.005	80.0	0.1556	2	131079	131081
2021-11-01 06:00:13	9.5	992.67	96.03	10.937	10.312	27.484	72.49	0.1556	2	131079	131081
2021-11-01 06:10:14	9.4	992.74	97.83	11.0	10.125	27.468	72.509	0.1556	2	131079	131081
2021-11-01 06:20:14	9.34	992.67	98.9	11.0	10.125	27.446	72.534	0.1556	2	131079	131081
2021-11-01 06:30:14	9.34	992.63	99.16	10.937	10.125	21.088	80.0	0.1556	2	131079	131081
2021-11-01 06:40:13	9.34	992.59	99.78	10.875	10.187	27.469	72.507	0.1556	2	131079	131081
2021-11-01 06:50:14	9.3	992.77	100	10.875	10.062	27.475	72.5	0.1556	2	131079	131081
2021-11-01 07:00:14	9.21	992.78	100	10.75	10.062	21.006	80.0	0.21	2	131081	131083
2021-11-01 07:10:14	9.15	992.77	100	10.687	9.937	27.502	72.469	0.3308	6	393232	393238
2021-11-01 07:20:14	9.13	992.77	100	10.625	9.937	27.483	72.49	2.2848	1	65540	65541
2021-11-01 07:30:15	9.16	992.95	100	10.562	10.0	27.495	72.477	7.208	10	655377	655387
2021-11-01 07:40:15	9.06	992.98	100	10.5	9.875	21.053	80.0	19.9104	23	1507372	1507395
2021-11-01 07:50:16	9.09	992.93	100	10.562	9.937	20.988	80.0	39.3856	47	3080280	3080327
2021-11-01 08:00:18	9.1	993.1	100	10.562	9.937	27.36	72.636	65.1168	91	5963930	5964021
2021-11-01 08:10:14	9.13	992.88	100	10.625	10.0	27.395	72.594	89.6512	119	7798992	7799111
2021-11-01 08:20:16	9.06	993.05	100	10.5	9.937	27.353	72.644	109.616	145	9502974	9503119
2021-11-01 08:30:15	9.09	993.14	100	10.5	9.875	27.355	72.641	127.9216	167	10944807	10944974
2021-11-01 08:40:15	9.14	993.33	100	10.562	10.0	21.02	80.0	142.2832	184	12058951	12059135
2021-11-01 08:50:15	9.09	993.51	100	10.562	10.0	27.341	72.658	154.0608	196	12845408	12845604
2021-11-01 09:00:15	9.23	993.47	100	10.5	10.125	27.328	72.673	162.2752	199	13042030	13042229
2021-11-01 09:10:15	9.3	993.7	100	10.562	10.187	27.33	72.671	172.2576	212	13894021	13894233
2021-11-01 09:20:15	9.35	993.66	100	10.625	10.312	27.462	72.516	179.7104	223	14614935	14615158
2021-11-01 09:30:17	9.48	993.74	100	10.687	10.437	27.433	72.549	277.44	425	27853480	27853905
2021-11-01 09:40:14	9.63	993.54	100	10.75	10.687	27.439	72.542	233.6752	325	21299752	21300077
2021-11-01 09:50:15	9.75	993.7	98.42	10.812	10.812	27.375	72.617	164.9952	149	9765202	9765351
2021-11-01 10:00:26	9.87	993.57	97.03	10.875	11.0	27.024	73.031	205.2784	258	16908755	16909013
2021-11-01 10:10:15	9.92	993.6	96.29	10.875	11.062	27.005	73.053	202.1776	237	15532481	15532718
2021-11-01 10:20:15	10.03	993.44	95.41	10.875	11.125	26.995	73.064	220.4016	267	17498607	17498874
2021-11-01 10:30:17	10.2	993.43	94.63	11.0	11.375	27.007	73.051	211.9424	238	15598032	15598270
2021-11-01 10:40:15	10.25	993.42	94.39	11.062	11.437	27.015	73.041	259.5152	324	21234253	21234577
2021-11-01 10:50:16	10.34	993.43	93.11	11.062	11.562	26.969	73.096	215.7776	237	15532501	15532738
2021-11-01 11:00:14	10.5	993.31	91.89	11.125	11.75	27.115	72.923	215.1792	229	15008207	15008436
2021-11-01 11:10:15	10.57	993.43	89.58	11.187	11.812	26.906	73.17	212.1056	222	14549446	14549668
2021-11-01 11:20:16	10.76	993.5	86.86	11.25	12.062	26.979	73.083	213.0304	223	14614984	14615207
2021-11-01 11:30:15	10.93	993.53	86.15	11.5	12.375	26.999	73.061	215.9136	232	15204818	15205050
2021-11-01 11:40:15	11.14	993.46	83.69	11.625	12.562	27.021	73.034	220.6464	243	15925728	15925971
2021-11-01 11:50:16	11.26	993.44	81.68	11.687	12.562	27.02	73.035	236.64	275	18022924	18023199
2021-11-01 12:00:15	11.26	993.35	80.57	11.75	12.625	27.061	72.987	269.9328	361	23659124	23659485
2021-11-01 12:10:15	11.45	993.23	78.56	11.875	12.875	27.066	72.981	346.0384	508	33293122	33293630
2021-11-01 12:20:14	11.62	993.13	76.56	12.062	13.062	27.023	73.032	358.632	515	33751897	33752412
2021-11-01 12:30:19	11.8	993.24	76.46	12.312	13.312	27.065	72.982	283.9408	346	22676095	22676441
2021-11-01 12:40:15	11.96	993.16	74.38	12.375	13.437	27.047	73.004	293.9776	362	23724696	23725058
2021-11-01 12:50:16	12.01	993.23	72.32	12.5	13.437	27.128	72.908	678.096	1120	73402034	73403154
2021-11-01 13:00:15	12.19	993.07	69.29	12.812	13.5	27.096	72.946	702.1952	1149	75302632	75303781
2021-11-01 13:10:15	12.1	993.12	70.35	13.0	13.5	27.052	72.997	491.9664	743	48694447	48695190
2021-11-01 13:20:15	12.06	992.93	72.06	12.812	13.437	27.099	72.943	510.408	785	51447013	51447798
2021-11-01 13:30:15	12.3	992.84	69.01	12.875	13.625	27.084	72.96	833.816	1395	91424839	91426234
2021-11-01 13:40:15	12.42	992.69	68.88	13.25	13.75	27.073	72.972	778.1104	1298	85067703	85069001
2021-11-01 13:50:16	12.2	992.63	69.59	13.062	13.437	27.069	72.978	378.1072	614	40240053	40240667
2021-11-01 14:00:15	11.95	992.5	74.75	12.812	13.25	27.077	72.968	249.9408	396	25952877	25953273
2021-11-01 14:10:15	10.95	992.51	87.06	11.687	11.937	26.948	73.12	221.9248	351	23003687	23004038
2021-11-01 14:20:14	10.84	992.28	94.4	11.062	11.562	27.02	73.035	516.6096	877	57476393	57477270
2021-11-01 14:30:16	11.26	992.17	91.21	11.125	12.25	26.947	73.121	574.1104	973	63767995	63768968
2021-11-01 14:40:14	11.14	992.23	93.38	11.25	12.25	26.904	73.171	145.0032	209	13697371	13697580
2021-11-01 14:50:15	11.14	992.07	91.9	11.375	12.375	26.952	73.115	59.16	75	4915335	4915410
2021-11-01 15:00:15	11.04	992.29	91.1	11.437	12.25	27.024	73.031	59.024	80	5243018	5243098
2021-11-01 15:10:14	10.09	992.25	100	10.875	10.625	27.418	72.567	137.4416	217	14221653	14221870
2021-11-01 15:20:14	10.0	992.32	100	10.562	10.75	27.415	72.57	336.9536	607	39781236	39781843
2021-11-01 15:30:15	10.26	992.21	100	10.5	11.125	26.915	73.159	337.6608	571	37421918	37422489
2021-11-01 15:40:15	10.39	992.42	98.4	10.562	11.312	26.968	73.096	160.616	270	17695128	17695398
2021-11-01 15:50:16	10.13	992.69	95.46	10.625	11.062	26.958	73.108	160.2896	252	16515469	16515721
2021-11-01 16:00:15	9.74	993.0	93.15	10.562	10.5	26.958	73.108	40.2832	59	3866721	3866780
2021-11-01 16:10:14	9.5	992.53	96.36	10.375	10.125	27.272	72.739	47.5456	72	4718708	4718780
2021-11-01 16:20:15	9.59	992.62	97.76	10.25	10.187	26.922	73.15	34.0272	64	4194395	4194459
2021-11-01 16:30:14	9.54	992.58	99.72	10.375	10.187	27.02	73.035	111.656	319	20906353	20906672
2021-11-01 16:40:15	10.16	992.4	99.58	10.437	10.687	26.956	73.11	537.744	1505	98633434	98634939
2021-11-01 16:50:15	9.89	992.4	100	10.437	10.562	26.953	73.115	230.384	630	41288422	41289052
2021-11-01 17:00:15	9.68	992.42	100	10.312	10.437	26.979	73.083	166.8448	451	29557270	29557721
2021-11-01 17:10:15	9.66	992.35	100	10.25	10.437	26.893	73.184	78.2816	167	10944734	10944901
2021-11-01 17:20:15	9.65	992.4	100	10.312	10.437	26.952	73.115	37.944	80	5242987	5243067
2021-11-01 17:30:14	9.53	992.42	100	10.437	10.25	26.889	73.19	14.6608	21	1376291	1376312
2021-11-01 17:40:14	9.56	992.43	100	10.375	10.25	26.939	73.131	5.3584	8	524301	524309
2021-11-01 17:50:14	9.61	992.54	100	10.375	10.375	26.802	73.292	1.6048	1	65539	65540
2021-11-01 18:00:14	9.66	992.64	100	10.437	10.437	26.955	73.111	0.68	0	1	1
2021-11-01 18:10:15	9.63	992.74	100	10.375	10.437	26.951	73.117	0.4026	5	327698	327703
2021-11-01 18:20:14	9.59	992.67	100	10.437	10.437	26.986	73.076	0.247	3	196619	196622
2021-11-01 18:30:14	9.59	992.54	100	10.375	10.437	26.904	73.172	0.284	4	262157	262161
2021-11-01 18:40:15	9.56	992.83	100	10.375	10.437	26.914	73.161	0.247	3	196619	196622
2021-11-01 18:50:15	9.47	992.91	100	10.375	10.312	27.325	72.676	0.247	3	196619	196622
2021-11-01 19:00:31	9.5	992.91	100	10.375	10.312	27.354	72.643	0.3014	3	196621	196624
2021-11-01 19:10:14	9.5	992.95	100	10.375	10.375	26.835	73.253	0.4472	4	262163	262167
2021-11-01 19:20:26	9.72	993.1	100	10.375	10.812	26.941	73.128	0.3014	3	196621	196624
2021-11-01 19:30:14	9.52	993.22	100	10.437	10.375	26.984	73.077	0.42	4	262162	262166
2021-11-01 19:40:14	9.43	993.17	100	10.312	10.25	26.968	73.096	2.04	0	3	3
2021-11-01 19:50:15	9.43	993.11	100	10.25	10.187	26.941	73.129	0.4472	4	262163	262167
