2020-11-01 00:00:14	14.57	1009.91	81.11	15.125	15.187	23.527	77.964	1.36	0	2	2
2020-11-01 00:10:14	14.49	1010.07	81.0	15.062	15.062	23.49	78.014	0.68	0	1	1
2020-11-01 00:30:14	14.4	1009.99	80.16	15.0	14.937	23.507	77.99	0.68	0	1	1
2020-11-01 00:40:14	14.37	1010.14	79.31	14.937	14.937	23.517	77.977	0.68	0	1	1
2020-11-01 00:50:15	14.36	1010.15	78.72	14.937	14.875	23.501	77.999	0.68	0	1	1
2020-11-01 01:00:14	14.29	1010.18	77.21	14.875	14.812	23.561	77.919	0.68	0	1	1
2020-11-01 01:10:15	14.2	1010.13	76.62	14.812	14.75	23.556	77.925	0.68	0	1	1
2020-11-01 01:20:15	14.16	1010.1	75.1	14.812	14.687	23.564	77.914	0.68	0	1	1
2020-11-01 01:30:15	14.16	1010.03	75.11	14.812	14.687	23.564	77.914	0.68	0	1	1
2020-11-01 01:40:15	14.1	1009.89	74.06	14.75	14.562	23.544	77.942	0.68	0	1	1
2020-11-01 01:50:14	14.04	1010.01	72.89	14.75	14.562	23.594	77.874	0.68	0	1	1
2020-11-01 02:00:14	14.03	1010.0	73.07	14.687	14.5	23.602	77.864	0.68	0	1	1
2020-11-01 02:10:16	13.97	1009.92	73.21	14.687	14.5	25.585	75.025	0.68	0	1	1
2020-11-01 02:20:15	13.93	1009.84	72.82	14.625	14.437	25.647	74.921	0.68	0	1	1
2020-11-01 02:30:14	13.93	1009.95	72.94	14.625	14.375	25.647	74.921	0.68	0	1	1
2020-11-01 02:40:14	13.84	1010.09	73.07	14.562	14.312	25.665	74.892	0.68	0	1	1
2020-11-01 02:50:15	13.87	1009.93	73.02	14.562	14.312	25.681	74.865	0.68	0	1	1
2020-11-01 03:00:14	13.87	1009.72	73.08	14.562	14.312	25.681	74.865	0.68	0	1	1
2020-11-01 03:10:38	13.87	1009.75	73.1	14.5	14.312	25.694	74.843	0.68	0	1	1
2020-11-01 03:20:15	13.82	1009.87	73.11	14.562	14.25	25.74	74.767	0.68	0	1	1
2020-11-01 03:30:14	13.83	1009.5	73.1	14.5	14.312	25.595	75.009	0.68	0	1	1
2020-11-01 03:40:14	13.75	1009.35	73.61	14.5	14.25	25.686	74.857	0.68	0	1	1
2020-11-01 03:50:14	13.72	1009.29	74.94	14.0	14.187	25.7	74.834	0.68	0	1	1
2020-11-01 04:00:14	13.53	1009.2	76.64	13.75	14.0	25.684	74.859	0.68	0	1	1
2020-11-01 04:10:14	13.53	1009.3	77.93	13.5	13.875	25.776	74.706	0.68	0	1	1
2020-11-01 04:20:15	13.38	1009.05	79.13	13.562	13.75	25.739	74.769	0.68	0	1	1
2020-11-01 04:30:14	13.48	1008.68	79.72	13.687	13.75	25.785	74.692	0.68	0	1	1
2020-11-01 04:40:14	13.44	1008.57	80.23	13.812	13.75	26.001	74.331	0.68	0	1	1
2020-11-01 04:50:14	13.37	1008.19	81.11	14.0	13.75	26.038	74.27	0.68	0	1	1
2020-11-01 05:00:14	13.47	1008.51	81.26	14.0	13.875	26.113	74.145	0.68	0	1	1
2020-11-01 05:10:15	13.43	1008.34	82.43	14.125	13.812	26.103	74.162	0.68	0	1	1
2020-11-01 05:20:14	13.47	1008.44	83.14	14.125	13.875	26.076	74.206	0.68	0	1	1
2020-11-01 05:30:14	13.49	1008.38	83.99	14.187	13.937	26.114	74.144	0.68	0	1	1
2020-11-01 05:40:14	13.4	1008.2	85.18	14.187	13.875	26.105	74.158	0.68	0	1	1
2020-11-01 05:50:15	13.44	1008.08	85.94	14.25	13.937	26.082	74.197	0.68	0	1	1
2020-11-01 06:00:14	13.5	1008.16	86.42	14.25	13.937	26.054	74.244	0.68	0	1	1
2020-11-01 06:10:14	13.47	1007.9	87.63	14.312	13.937	26.077	74.205	0.68	0	1	1
2020-11-01 06:20:15	13.61	1007.7	87.07	14.375	14.125	25.826	74.623	0.68	0	1	1
2020-11-01 06:30:14	13.62	1007.51	87.95	14.437	14.062	25.87	74.551	0.68	0	1	1
2020-11-01 06:40:14	13.64	1007.5	89.42	14.437	14.187	25.744	74.76	0.68	0	1	1
2020-11-01 06:50:14	13.72	1007.36	90.06	14.375	14.25	25.699	74.836	0.68	0	1	1
2020-11-01 07:00:15	13.63	1007.02	92.48	14.25	14.187	25.717	74.805	0.68	0	1	1
2020-11-01 07:10:14	13.64	1006.85	93.72	14.187	14.187	25.714	74.809	0.68	0	1	1
2020-11-01 07:20:15	13.68	1006.92	94.73	14.187	14.25	25.672	74.88	1.36	0	2	2
2020-11-01 07:30:14	13.82	1006.73	95.07	14.25	14.437	25.606	74.99	2.7744	3	196614	196617
2020-11-01 07:40:15	13.94	1006.65	95.49	14.375	14.625	25.557	75.072	14.3888	31	2031657	2031688
2020-11-01 07:50:15	14.03	1006.49	95.9	14.437	14.687	25.529	75.118	32.2592	54	3539026	3539080
2020-11-01 08:00:17	14.15	1006.41	96.2	14.5	14.875	23.61	77.853	40.8272	64	4194405	4194468
2020-11-01 08:10:15	14.35	1006.45	97.13	14.625	15.125	23.54	77.946	61.7168	116	7602341	7602457
2020-11-01 08:20:15	14.58	1006.49	97.24	14.812	15.375	23.514	77.982	147.0976	262	17170816	17171078
2020-11-01 08:30:14	14.75	1006.31	97.45	15.0	15.687	23.519	77.974	70.856	120	7864501	7864621
2020-11-01 08:40:15	15.1	1006.35	97.34	15.187	15.687	23.543	77.942	53.5296	77	5046400	5046477
2020-11-01 08:50:15	15.18	1006.23	97.38	15.375	16.125	23.545	77.94	99.4704	148	9699569	9699717
2020-11-01 09:00:15	15.23	1006.01	98.06	15.437	16.187	23.538	77.95	178.2688	281	18416058	18416339
2020-11-01 09:10:16	15.46	1006.01	96.42	15.625	16.437	23.562	77.918	181.7776	287	18809283	18809570
2020-11-01 09:20:15	15.58	1005.92	95.56	15.687	16.562	23.564	77.914	214.2	325	21299723	21300048
2020-11-01 09:30:16	15.66	1005.78	94.41	15.687	16.625	23.574	77.901	270.4224	413	27067030	27067443
2020-11-01 09:40:16	15.79	1006.01	93.21	15.937	16.75	23.522	77.971	190.0192	279	18285002	18285281
2020-11-01 09:50:20	15.93	1006.07	92.02	16.0	16.875	23.486	78.019	177.7792	254	16646568	16646822
2020-11-01 10:00:15	15.9	1006.05	91.75	16.125	16.937	23.467	78.045	181.2336	257	16843183	16843440
2020-11-01 10:10:15	16.07	1005.99	90.53	16.312	17.062	23.464	78.048	249.4784	358	23462484	23462842
2020-11-01 10:20:15	16.12	1005.9	90.14	16.437	17.062	23.479	78.027	259.9504	373	24445549	24445922
2020-11-01 10:30:16	16.13	1006.09	90.12	16.625	17.125	23.503	77.995	228.2896	327	21430817	21431144
2020-11-01 10:40:15	16.14	1005.88	89.71	16.625	17.187	23.469	78.042	214.4992	304	19923454	19923758
2020-11-01 10:50:16	16.21	1005.85	89.58	16.812	17.187	23.501	77.999	304.6672	439	28771033	28771472
2020-11-01 11:00:42	16.29	1005.93	89.04	16.875	17.25	23.528	77.963	289.6256	422	27656888	27657310
2020-11-01 11:10:16	16.21	1005.9	89.3	16.875	17.187	23.5	78.001	211.4528	286	18743790	18744076
2020-11-01 11:20:16	16.26	1005.92	88.99	16.812	17.187	23.454	78.061	268.2192	380	24904317	24904697
2020-11-01 11:30:15	16.21	1006.03	89.62	16.687	17.125	23.504	77.995	200.8992	279	18285018	18285297
2020-11-01 11:40:16	16.19	1006.16	89.92	16.5	17.125	23.456	78.059	181.016	245	16056743	16056988
2020-11-01 11:50:16	16.2	1006.36	89.87	16.625	17.062	23.442	78.077	234.2192	329	21561899	21562228
2020-11-01 12:00:16	16.22	1006.33	89.86	16.812	17.125	23.487	78.018	334.0432	484	31720225	31720709
2020-11-01 12:10:16	16.3	1006.37	89.46	16.875	17.187	23.479	78.028	304.5584	433	28377813	28378246
2020-11-01 12:20:16	16.35	1006.11	88.92	17.0	17.25	23.484	78.021	310.8416	442	28967652	28968094
2020-11-01 12:30:15	16.45	1006.11	88.62	17.125	17.375	23.504	77.995	273.224	380	24904325	24904705
2020-11-01 12:40:15	16.45	1006.02	88.82	17.25	17.375	23.495	78.007	206.8832	284	18612710	18612994
2020-11-01 12:50:17	16.48	1005.81	89.03	17.25	17.437	23.48	78.026	281.0848	401	26280606	26281007
2020-11-01 13:00:15	16.61	1006.01	88.79	17.437	17.5	23.449	78.068	279.8336	407	26673824	26674231
2020-11-01 13:10:15	16.63	1005.99	88.97	17.437	17.5	23.488	78.016	253.9936	357	23396954	23397311
2020-11-01 13:20:15	16.67	1006.24	88.92	17.375	17.562	23.494	78.008	190.7808	271	17760710	17760981
2020-11-01 13:30:15	16.75	1006.01	88.74	17.437	17.625	23.482	78.024	210.12	300	19661301	19661601
2020-11-01 13:40:17	16.81	1005.94	88.59	17.562	17.75	23.43	78.093	325.04	475	31130382	31130857
2020-11-01 13:50:16	16.83	1005.94	88.94	17.562	17.75	23.406	78.126	285.6544	403	26411686	26412089
2020-11-01 14:00:19	16.86	1005.66	88.7	17.562	17.812	22.978	78.697	196.7104	273	17891792	17892065
2020-11-01 14:10:20	16.92	1005.73	88.52	17.625	17.812	22.57	79.239	310.5968	441	28902115	28902556
2020-11-01 14:20:15	17.02	1005.69	88.11	17.687	17.875	23.888	77.483	289.4896	427	27984571	27984998
2020-11-01 14:30:15	16.94	1005.64	88.67	17.75	17.875	23.55	77.933	218.7424	313	20513290	20513603
2020-11-01 14:40:17	16.93	1005.63	88.84	17.687	17.812	23.46	78.054	192.7392	279	18285006	18285285
2020-11-01 14:50:18	16.96	1005.61	88.96	17.75	17.875	23.364	78.181	235.6064	343	22479414	22479757
2020-11-01 15:00:15	16.96	1005.78	89.13	17.687	17.875	23.309	78.255	167.1168	241	15794576	15794817
2020-11-01 15:10:15	16.97	1005.55	89.19	17.75	17.875	23.256	78.325	176.0384	258	16908712	16908970
2020-11-01 15:20:14	17.04	1005.63	88.76	17.812	17.937	23.224	78.368	259.216	395	25887354	25887749
2020-11-01 15:30:15	17.16	1005.65	87.86	17.937	18.125	23.217	78.377	184.4704	273	17891774	17892047
2020-11-01 15:40:15	17.18	1005.69	87.67	18.0	18.125	23.301	78.265	178.7312	269	17629619	17629888
2020-11-01 15:50:14	17.25	1005.42	87.34	18.0	18.25	23.244	78.341	136.9792	204	13369676	13369880
2020-11-01 16:00:16	17.4	1005.68	86.58	18.062	18.375	23.132	78.49	89.1344	128	8388821	8388949
2020-11-01 16:10:15	17.37	1005.55	86.8	18.062	18.375	23.161	78.452	67.9456	97	6357154	6357251
2020-11-01 16:20:16	17.37	1005.39	87.16	18.062	18.375	23.102	78.531	81.7904	123	8061127	8061250
2020-11-01 16:30:16	17.37	1005.47	87.56	18.062	18.312	23.155	78.46	95.0096	152	9961709	9961861
2020-11-01 16:40:15	17.25	1005.35	88.64	18.0	18.187	23.148	78.469	69.1424	113	7405742	7405855
2020-11-01 16:50:15	17.06	1005.3	90.42	17.812	17.937	23.44	78.08	55.2432	84	5505159	5505243
2020-11-01 17:00:16	16.9	1005.21	92.02	17.625	17.75	23.449	78.068	25.6224	38	2490430	2490468
2020-11-01 17:10:23	16.77	1005.27	93.45	17.375	17.562	23.481	78.025	16.5648	26	1703977	1704003
2020-11-01 17:20:15	16.68	1005.21	94.71	17.187	17.562	23.476	78.032	8.6224	13	851989	852002
2020-11-01 17:30:15	16.6	1005.31	95.61	17.062	17.375	23.458	78.056	2.7744	3	196614	196617
2020-11-01 17:40:14	16.53	1005.2	96.41	17.0	17.25	23.468	78.043	1.6048	1	65539	65540
2020-11-01 17:50:15	16.49	1005.42	96.79	16.875	17.187	23.477	78.031	0.68	0	1	1
2020-11-01 18:00:16	16.42	1005.51	97.56	16.812	17.125	23.46	78.053	0.68	0	1	1
2020-11-01 18:10:15	16.45	1005.54	97.04	16.812	17.187	23.481	78.026	0.68	0	1	1
2020-11-01 18:20:15	16.47	1005.51	96.96	16.812	17.187	23.477	78.031	0.284	4	262157	262161
2020-11-01 18:30:16	16.43	1005.44	97.15	16.75	17.125	23.464	78.048	0.68	0	1	1
2020-11-01 18:40:15	16.47	1005.46	96.67	16.812	17.187	23.47	78.039	0.1926	3	196617	196620
2020-11-01 18:50:15	16.52	1005.52	96.3	16.812	17.25	23.456	78.058	0.68	0	1	1
2020-11-01 19:00:14	16.59	1005.56	95.76	16.875	17.25	23.453	78.063	0.2198	3	196618	196621
2020-11-01 19:10:16	16.6	1005.37	95.73	16.875	17.312	23.443	78.077	0.1926	3	196617	196620
2020-11-01 19:20:16	16.72	1005.35	94.68	17.0	17.5	23.419	78.108	0.68	0	1	1
2020-11-01 19:30:16	16.87	1005.24	93.35	17.062	17.687	23.426	78.099	0.2372	2	131082	131084
2020-11-01 19:40:15	16.97	1005.27	92.48	17.25	17.812	23.446	78.072	0.2198	3	196618	196621
2020-11-01 19:50:15	17.09	1005.32	91.33	17.375	18.0	23.378	78.163	0.284	4	262157	262161
