2021-04-01 00:00:17	21.03	1011.61	38.26	19.687	20.437	25.217	75.638	0.21	2	131081	131083
2021-04-01 00:10:15	20.97	1011.63	38.87	19.562	20.25	25.206	75.657	0.21	2	131081	131083
2021-04-01 00:30:15	20.65	1011.73	37.06	19.437	19.062	25.225	75.625	0.1828	2	131080	131082
2021-04-01 00:40:15	20.48	1011.77	37.57	19.375	18.937	25.22	75.633	0.21	2	131081	131083
2021-04-01 00:50:14	20.36	1011.76	37.76	19.312	18.875	25.209	75.652	0.21	2	131081	131083
2021-04-01 01:00:15	20.32	1011.87	37.9	19.25	18.812	25.241	75.598	0.21	2	131081	131083
2021-04-01 01:10:14	20.24	1011.94	37.83	19.187	18.75	25.179	75.702	0.21	2	131081	131083
2021-04-01 01:20:14	19.98	1011.82	38.2	19.125	18.625	25.209	75.652	0.21	2	131081	131083
2021-04-01 01:30:14	19.95	1011.87	38.63	19.0	18.437	25.181	75.698	0.173	1	65543	65544
2021-04-01 01:40:15	19.79	1011.77	38.75	18.875	18.062	25.196	75.674	0.173	1	65543	65544
2021-04-01 01:50:14	19.81	1011.8	38.86	18.875	18.187	25.192	75.68	0.173	1	65543	65544
2021-04-01 02:00:14	19.67	1011.67	39.32	18.812	18.125	25.195	75.675	0.173	1	65543	65544
2021-04-01 02:10:14	19.77	1011.62	39.17	18.75	18.125	25.15	75.751	0.173	1	65543	65544
2021-04-01 02:20:14	19.53	1011.5	39.28	18.625	17.687	25.16	75.733	0.173	1	65543	65544
2021-04-01 02:30:14	19.34	1011.56	39.65	18.5	17.75	25.141	75.766	0.173	1	65543	65544
2021-04-01 02:40:15	19.36	1011.52	39.78	18.5	17.687	25.147	75.756	0.173	1	65543	65544
2021-04-01 02:50:15	19.12	1011.54	40.31	18.437	17.5	25.134	75.777	0.1458	1	65542	65543
2021-04-01 03:00:14	19.29	1011.46	39.95	18.375	17.437	25.123	75.795	0.173	1	65543	65544
2021-04-01 03:10:37	19.05	1011.57	40.57	18.312	17.5	25.13	75.783	0.173	1	65543	65544
2021-04-01 03:20:15	19.01	1011.56	40.89	18.25	17.5	25.164	75.726	0.173	1	65543	65544
2021-04-01 03:30:15	19.0	1011.54	41.03	18.187	17.437	25.168	75.721	0.173	1	65543	65544
2021-04-01 03:40:15	18.99	1011.54	41.24	18.187	17.437	25.178	75.704	0.1284	2	131078	131080
2021-04-01 03:50:15	18.85	1011.49	41.66	18.125	17.25	25.157	75.739	0.173	1	65543	65544
2021-04-01 04:00:16	18.77	1011.5	42.15	18.062	17.25	25.172	75.713	0.1284	2	131078	131080
2021-04-01 04:10:15	18.58	1011.51	42.67	18.062	17.0	25.129	75.784	0.173	1	65543	65544
2021-04-01 04:20:15	18.5	1011.51	42.8	17.937	16.562	25.183	75.695	0.173	1	65543	65544
2021-04-01 04:30:14	18.44	1011.44	43.05	17.875	16.687	25.166	75.723	0.173	1	65543	65544
2021-04-01 04:40:16	18.13	1011.4	43.59	17.75	16.312	25.122	75.797	0.173	1	65543	65544
2021-04-01 04:50:14	18.32	1011.34	43.41	17.687	16.437	25.152	75.747	0.173	1	65543	65544
2021-04-01 05:00:15	18.15	1011.32	43.9	17.625	16.25	25.153	75.745	0.173	1	65543	65544
2021-04-01 05:10:14	17.92	1011.26	44.66	17.5	16.062	25.156	75.741	0.173	1	65543	65544
2021-04-01 05:20:15	17.96	1011.12	44.77	17.437	16.0	25.145	75.759	0.173	1	65543	65544
2021-04-01 05:30:15	17.89	1011.24	45.03	17.312	15.875	25.155	75.741	0.173	1	65543	65544
2021-04-01 05:40:14	17.78	1011.19	45.52	17.312	15.937	25.155	75.741	0.173	1	65543	65544
2021-04-01 05:50:14	17.83	1011.38	45.39	17.25	15.875	25.136	75.773	0.1556	2	131079	131081
2021-04-01 06:00:17	17.44	1011.26	46.54	17.25	15.812	25.185	75.691	0.1284	2	131078	131080
2021-04-01 06:10:15	17.49	1011.31	46.53	17.125	15.5	25.182	75.697	0.1284	2	131078	131080
2021-04-01 06:20:15	17.53	1011.3	46.52	17.125	15.625	25.147	75.755	0.1284	2	131078	131080
2021-04-01 06:30:15	17.36	1011.41	47.09	17.125	15.75	25.147	75.755	0.1556	2	131079	131081
2021-04-01 06:40:14	17.49	1011.52	46.78	17.062	15.687	25.144	75.759	0.1556	2	131079	131081
2021-04-01 06:50:14	17.17	1011.42	47.8	17.062	15.75	25.175	75.708	0.3384	4	262159	262163
2021-04-01 07:00:14	17.1	1011.53	48.17	16.937	15.312	25.167	75.721	0.68	0	1	1
2021-04-01 07:10:15	17.09	1011.53	48.37	16.875	15.375	25.154	75.743	1.6048	1	65539	65540
2021-04-01 07:20:14	17.13	1011.57	48.18	16.875	15.5	25.152	75.746	4.4336	7	458763	458770
2021-04-01 07:30:14	16.63	1011.66	49.56	16.75	15.062	25.167	75.721	13.9264	18	1179680	1179698
2021-04-01 07:40:15	16.75	1011.65	49.46	16.687	14.875	25.146	75.756	29.6208	46	3014729	3014775
2021-04-01 07:50:15	16.72	1011.73	49.74	16.75	15.312	25.182	75.697	54.4272	89	5832841	5832930
2021-04-01 08:00:16	16.73	1011.79	50.09	16.812	15.562	25.184	75.693	85.8976	137	8978646	8978783
2021-04-01 08:10:14	16.97	1011.86	49.3	16.812	15.437	25.148	75.754	119.7072	189	12386601	12386790
2021-04-01 08:20:14	16.57	1011.94	51.08	16.812	15.0	25.152	75.747	155.6112	244	15991169	15991413
2021-04-01 08:30:15	16.05	1011.95	52.94	16.875	14.5	25.157	75.739	193.3104	298	19530203	19530501
2021-04-01 08:40:14	17.18	1011.97	54.31	17.0	16.437	25.125	75.791	230.0848	351	23003699	23004050
2021-04-01 08:50:14	17.56	1011.94	53.94	17.062	17.0	25.165	75.725	265.88	400	26215047	26215447
2021-04-01 09:00:14	17.6	1011.94	53.76	17.125	16.875	25.147	75.755	302.0832	459	30081762	30082221
2021-04-01 09:10:15	17.55	1011.86	53.81	17.25	17.062	25.161	75.732	338.6672	514	33686331	33686845
2021-04-01 09:20:51	16.79	1011.99	52.92	17.25	15.562	25.171	75.715	373.6192	579	37946264	37946843
2021-04-01 09:30:14	18.3	1012.08	54.16	17.25	19.062	25.153	75.745	390.5376	587	38470582	38471169
2021-04-01 09:40:15	18.67	1012.18	50.78	17.312	19.25	25.155	75.741	416.8944	628	41157623	41158251
2021-04-01 09:50:14	18.62	1012.12	48.22	17.437	19.062	25.124	75.793	441.7552	674	44172345	44173019
2021-04-01 10:00:15	18.47	1012.08	46.96	17.562	18.75	25.13	75.784	465.1472	714	46793845	46794559
2021-04-01 10:10:40	18.27	1012.18	50.31	17.625	19.187	25.169	75.718	514.2976	787	51578092	51578879
2021-04-01 10:20:31	18.85	1012.24	47.02	17.875	19.25	25.115	75.808	558.0624	863	56558941	56559804
2021-04-01 10:30:18	19.05	1012.3	47.56	18.0	19.437	25.149	75.751	601.5008	946	61998546	61999492
2021-04-01 10:40:17	19.25	1012.22	47.03	18.187	20.187	25.178	75.704	646.2448	1026	67241543	67242569
2021-04-01 10:50:17	19.43	1012.27	46.46	18.375	20.375	25.17	75.717	692.5664	1118	73270982	73272100
2021-04-01 11:00:16	18.64	1012.35	47.18	18.5	18.5	25.2	75.667	735.8688	1206	79038270	79039476
2021-04-01 11:10:15	18.91	1012.42	46.59	18.75	20.312	25.166	75.724	783.632	1290	84543418	84544708
2021-04-01 11:20:18	19.55	1012.41	46.31	19.0	20.75	25.195	75.675	834.768	1385	90769474	90770859
2021-04-01 11:30:14	19.3	1012.4	46.95	19.187	20.187	25.22	75.634	873.8544	1453	95226023	95227476
2021-04-01 11:40:14	19.77	1012.4	45.45	19.437	20.562	25.161	75.731	937.1216	1567	102697293	102698860
2021-04-01 11:50:15	19.65	1012.32	44.46	19.437	20.812	25.213	75.646	984.8848	1651	108202441	108204092
2021-04-01 12:00:15	19.93	1012.38	44.02	19.875	20.625	25.215	75.641	1063.384	1780	116656783	116658563
2021-04-01 12:10:15	19.97	1012.48	43.54	20.187	21.437	25.258	75.57	1133.9952	1899	124455747	124457646
2021-04-01 12:20:15	20.47	1012.41	43.86	20.437	21.687	25.226	75.624	1199.3296	2002	131206117	131208119
2021-04-01 12:30:18	20.62	1012.43	42.49	20.687	21.125	25.165	75.725	1278.9712	2119	138874021	138876140
2021-04-01 12:40:20	20.76	1012.45	42.4	20.687	21.812	25.153	75.745	1360.272	2240	146804074	146806314
2021-04-01 12:50:15	20.95	1012.28	43.0	21.125	21.75	25.178	75.703	1420.52	2325	152374777	152377102
2021-04-01 13:00:15	21.19	1012.08	42.16	21.312	22.0	25.209	75.652	1449.2432	2359	154603065	154605424
2021-04-01 13:10:14	21.54	1012.1	40.99	21.562	22.562	25.193	75.678	1452.6704	2348	153882167	153884515
2021-04-01 13:20:16	21.82	1012.06	34.87	21.875	22.75	25.205	75.658	1582.8496	2527	165613417	165615944
2021-04-01 13:30:16	22.02	1011.98	33.04	22.187	22.812	25.171	75.714	1741.9152	2749	180162785	180165534
2021-04-01 13:40:18	22.29	1011.92	33.53	22.562	23.25	25.215	75.642	1798.5728	2811	184226140	184228951
2021-04-01 13:50:17	22.46	1011.85	32.3	22.937	23.375	25.215	75.642	1877.1808	2921	191435286	191438207
2021-04-01 14:00:16	22.6	1011.89	32.58	23.062	23.5	25.189	75.685	1837.0064	2843	186323369	186326212
2021-04-01 14:10:15	22.97	1011.85	32.0	23.187	23.5	25.207	75.655	1880.6624	2913	190910998	190913911
2021-04-01 14:20:15	23.15	1011.77	32.29	23.25	23.75	25.175	75.709	1919.6672	2989	195891840	195894829
2021-04-01 14:30:31	23.22	1011.64	31.32	23.5	23.75	25.208	75.653	2038.096	3120	204477314	204480434
2021-04-01 14:40:15	23.7	1011.63	31.07	23.625	24.437	25.175	75.709	2154.5392	3254	213259395	213262649
2021-04-01 14:50:36	23.64	1011.53	30.84	23.812	24.437	25.171	75.716	2083.3024	3113	204018624	204021737
2021-04-01 15:00:16	24.03	1011.51	29.93	23.937	24.5	25.197	75.672	2250.392	3365	220534103	220537468
2021-04-01 15:10:16	23.99	1011.52	28.72	24.062	24.5	25.212	75.646	2224.9872	3489	228660609	228664098
2021-04-01 15:20:14	24.42	1011.52	27.47	24.187	24.75	25.199	75.668	2297.9376	3462	226891227	226894689
2021-04-01 15:30:15	24.54	1011.36	27.0	24.437	25.062	25.245	75.591	2242.6672	3414	223745387	223748801
2021-04-01 15:40:14	24.52	1011.32	28.43	24.687	25.312	25.229	75.618	2036.8448	3176	208147364	208150540
2021-04-01 15:50:14	24.03	1011.2	30.44	24.75	24.75	25.207	75.654	1918.2528	2986	195695228	195698214
2021-04-01 16:00:14	24.4	1011.11	30.53	24.875	24.75	25.225	75.625	1976.2704	3048	199758585	199761633
2021-04-01 16:10:21	24.42	1011.02	30.26	25.0	25.062	25.194	75.677	2060.5632	3184	208671692	208674876
2021-04-01 16:20:14	24.72	1011.06	28.84	25.187	25.062	25.26	75.567	2115.4256	3272	214438997	214442269
2021-04-01 16:30:15	24.54	1011.06	28.97	25.25	24.875	25.231	75.615	2133.3232	3309	216863879	216867188
2021-04-01 16:40:16	24.5	1011.01	28.33	25.25	24.812	25.266	75.556	2124.3744	3328	218109062	218112390
2021-04-01 16:50:15	25.01	1010.96	27.7	25.312	25.375	25.234	75.61	2142.4624	3388	222041287	222044675
2021-04-01 17:00:15	24.74	1010.91	27.79	25.437	25.187	25.252	75.58	2023.9792	3254	213259203	213262457
2021-04-01 17:10:16	24.73	1010.94	27.2	25.437	25.062	25.254	75.577	1911.072	3140	205787860	205791000
2021-04-01 17:20:15	24.91	1010.91	27.12	25.5	25.25	25.24	75.6	1828.5472	3039	199168538	199171577
2021-04-01 17:30:15	24.71	1010.89	26.95	25.5	24.875	25.284	75.527	1739.304	2930	192024913	192027843
2021-04-01 17:40:14	24.95	1010.86	26.01	25.625	25.375	25.262	75.563	1623.4864	2768	181407807	181410575
2021-04-01 17:50:15	24.59	1010.82	26.86	25.75	24.875	25.253	75.578	1480.088	2560	167775975	167778535
2021-04-01 18:00:15	24.53	1010.81	27.26	25.687	24.625	25.281	75.531	1344.9584	2358	154537375	154539733
2021-04-01 18:10:15	24.45	1010.9	27.42	25.625	24.812	25.272	75.546	1198.8128	2136	139988026	139990162
2021-04-01 18:20:15	24.06	1010.89	30.9	25.437	24.125	25.258	75.57	1046.792	1890	123865789	123867679
2021-04-01 18:30:43	23.8	1010.85	31.05	25.312	24.062	25.265	75.558	897.3824	1638	107350336	107351974
2021-04-01 18:40:16	24.01	1010.9	30.03	25.25	24.062	25.256	75.573	774.5744	1453	95225877	95227330
2021-04-01 18:50:15	23.34	1011.04	35.33	25.25	23.437	25.273	75.546	621.4112	1169	76613246	76614415
2021-04-01 19:00:18	22.93	1011.06	38.95	24.625	22.937	25.223	75.629	482.256	920	60294418	60295338
2021-04-01 19:10:16	22.84	1011.12	42.62	24.0	22.687	25.193	75.678	377.4544	703	46072813	46073516
2021-04-01 19:20:15	22.26	1011.34	45.07	23.437	22.187	25.224	75.626	289.7072	539	35324675	35325214
2021-04-01 19:30:15	21.91	1011.38	46.14	22.75	21.812	25.206	75.656	221.7616	417	27329105	27329522
2021-04-01 19:40:16	21.87	1011.31	45.15	22.25	21.562	25.164	75.727	162.0032	309	20251060	20251369
2021-04-01 19:50:16	21.64	1011.34	45.11	21.75	21.312	25.142	75.763	109.9424	213	13959466	13959679
