2022-08-01 00:00:14	-146.46	752.49	42.45	25.125	23.312	35.325	62.964	0.0272	0	1	1
2022-08-01 00:10:15	-146.46	751.61	41.42	25.062	24.062	35.25	63.072	0.0098	1	65537	65538
2022-08-01 00:30:14	-146.46	752.93	43.41	24.625	23.062	35.413	62.839	0.0272	0	1	1
2022-08-01 00:40:13	-146.46	752.44	42.76	24.687	23.312	35.401	62.855	0.0272	0	1	1
2022-08-01 00:50:15	-146.46	752.67	43.08	24.687	23.187	35.436	62.805	0.0272	0	1	1
2022-08-01 01:00:14	-146.46	752.94	43.33	24.5	23.187	35.369	62.902	0.0272	0	1	1
2022-08-01 01:10:15	-146.46	753.49	44.36	24.437	22.937	35.384	62.879	0.0272	0	1	1
2022-08-01 01:20:14	-146.46	753.02	43.83	24.375	22.937	35.163	63.196	0.0272	0	1	1
2022-08-01 01:30:14	-146.46	753.29	44.46	24.312	22.687	35.093	63.296	0.0272	0	1	1
2022-08-01 01:40:14	-146.46	753.14	44.15	24.312	22.687	35.109	63.273	0.0272	0	1	1
2022-08-01 01:50:14	-146.46	753.14	44.36	24.375	22.937	35.134	63.237	0.0272	0	1	1
2022-08-01 02:00:14	-146.46	752.99	44.52	24.375	22.937	35.403	62.853	0.0272	0	1	1
2022-08-01 02:10:14	-146.46	752.93	44.14	24.375	23.062	35.365	62.908	0.0272	0	1	1
2022-08-01 02:20:14	-146.46	753.14	44.43	24.437	22.937	35.38	62.886	0.0272	0	1	1
2022-08-01 02:30:15	-146.46	753.54	45.0	24.25	22.75	35.356	62.92	-0.0073	1	65536	65537
2022-08-01 02:40:15	-146.46	753.2	44.63	24.25	22.812	35.403	62.853	0.0272	0	1	1
2022-08-01 02:50:14	-146.46	753.66	45.19	24.375	22.875	35.432	62.811	0.0272	0	1	1
2022-08-01 03:00:15	-146.46	753.64	45.45	24.25	22.687	35.37	62.9	0.0272	0	1	1
2022-08-01 03:10:24	-146.46	753.49	45.07	24.125	22.625	35.384	62.881	0.0272	0	1	1
2022-08-01 03:20:14	-146.46	753.49	45.03	23.937	22.625	35.37	62.9	0.0272	0	1	1
2022-08-01 03:30:15	-146.46	754.68	47.44	23.937	22.25	35.319	62.973	0.0272	0	1	1
2022-08-01 03:40:14	-146.46	754.25	46.89	23.812	22.25	35.331	62.955	0.0272	0	1	1
2022-08-01 03:50:14	-146.46	754.23	47.05	23.937	22.437	35.319	62.972	0.0272	0	1	1
2022-08-01 04:00:14	-146.46	753.76	46.01	24.0	22.75	35.394	62.866	0.0272	0	1	1
2022-08-01 04:10:14	-146.46	754.08	46.85	23.875	22.437	35.314	62.979	0.0272	0	1	1
2022-08-01 04:20:14	-146.46	753.5	45.81	24.062	23.062	35.341	62.942	0.0272	0	1	1
2022-08-01 04:30:14	-146.46	754.24	47.95	24.062	22.437	35.327	62.962	0.0272	0	1	1
2022-08-01 04:40:15	-146.46	754.86	49.79	23.875	22.125	35.332	62.954	0.0272	0	1	1
2022-08-01 04:50:14	-146.46	754.58	49.81	23.5	22.0	35.347	62.933	0.0272	0	1	1
2022-08-01 05:00:14	-146.46	754.35	49.37	23.812	22.312	35.393	62.867	0.0272	0	1	1
2022-08-01 05:10:14	-146.46	754.54	49.07	23.75	22.125	35.342	62.939	0.0272	0	1	1
2022-08-01 05:20:15	-146.46	754.6	48.97	23.625	22.0	35.333	62.953	0.0272	0	1	1
2022-08-01 05:30:14	-146.46	754.66	49.04	23.625	22.187	35.336	62.949	0.0098	1	65537	65538
2022-08-01 05:40:13	-146.46	754.86	49.89	23.75	22.125	35.291	63.013	0.0098	1	65537	65538
2022-08-01 05:50:14	-146.46	754.64	49.36	23.687	22.187	35.304	62.994	0.0294	3	196611	196614
2022-08-01 06:00:14	-146.46	754.78	49.55	23.5	21.937	35.377	62.89	0.68	0	1	1
2022-08-01 06:10:14	-146.46	754.6	47.89	23.375	21.937	35.341	62.942	0.4896	2	131074	131076
2022-08-01 06:20:14	-146.46	754.46	48.6	23.5	22.25	35.361	62.912	1.6592	4	262149	262153
2022-08-01 06:30:15	-146.46	754.86	49.72	23.5	21.937	35.414	62.838	2.3936	7	458760	458767
2022-08-01 06:40:15	-146.46	754.68	49.43	23.437	21.875	35.377	62.889	2.6384	8	524297	524305
2022-08-01 06:50:18	-146.46	755.34	50.83	23.437	21.875	35.355	62.921	7.48	25	1638427	1638452
2022-08-01 07:00:17	-146.46	755.17	49.97	23.187	21.687	35.359	62.916	8.16	25	1638428	1638453
2022-08-01 07:10:17	-146.46	755.13	50.02	23.0	21.625	35.345	62.935	12.4848	51	3342387	3342438
2022-08-01 07:20:21	-146.46	755.01	49.8	23.25	22.0	35.361	62.913	15.9664	68	4456515	4456583
2022-08-01 07:30:14	-146.46	755.21	50.0	23.25	21.75	35.384	62.88	24.1808	96	6291553	6291649
2022-08-01 07:40:14	-146.46	755.17	50.13	23.062	21.687	35.332	62.954	27.7712	119	7798901	7799020
2022-08-01 07:50:14	-146.46	754.91	49.57	23.125	21.937	35.373	62.896	27.2272	114	7471217	7471331
2022-08-01 08:00:15	-146.46	755.22	50.9	23.187	21.937	35.447	62.791	39.4672	164	10748067	10748231
2022-08-01 08:10:19	-146.46	755.7	50.03	23.125	21.562	35.355	62.921	54.6448	251	16449777	16450028
2022-08-01 08:20:15	-146.46	755.79	50.8	22.75	21.312	35.435	62.807	28.56	100	6553706	6553806
2022-08-01 08:30:17	-146.46	755.71	50.25	22.812	21.375	35.455	62.778	39.44	150	9830554	9830704
2022-08-01 08:40:15	-146.46	755.81	50.5	22.812	21.312	35.404	62.851	53.176	220	14418139	14418359
2022-08-01 08:50:27	-146.46	755.79	50.66	22.875	21.312	35.445	62.794	89.896	395	25887105	25887500
2022-08-01 09:00:16	-146.46	756.19	51.7	23.062	21.375	35.422	62.826	115.6	525	34406906	34407431
2022-08-01 09:10:15	-146.46	755.9	51.33	23.5	22.0	35.362	62.911	102.2448	451	29557175	29557626
2022-08-01 09:20:35	-146.46	755.56	50.6	23.687	22.062	35.821	62.256	159.1472	764	50070227	50070991
2022-08-01 09:30:15	-146.46	755.85	51.55	24.312	22.062	35.865	62.194	161.024	705	46203568	46204273
2022-08-01 09:40:14	-146.46	755.34	49.94	24.187	22.062	35.891	62.155	134.1776	587	38470205	38470792
2022-08-01 09:50:15	-146.46	755.58	49.95	23.687	22.0	35.859	62.202	132.9808	596	39060033	39060629
2022-08-01 10:00:22	-146.46	755.81	50.63	23.437	21.875	35.86	62.2	152.4016	667	43713163	43713830
2022-08-01 10:10:25	-146.46	755.83	50.94	23.687	22.062	35.931	62.099	100.0144	428	28049829	28050257
2022-08-01 10:20:33	-146.46	755.87	50.71	23.875	21.937	35.832	62.24	226.1408	1146	75105322	75106468
2022-08-01 10:30:14	-146.46	755.42	49.72	24.125	22.375	35.887	62.162	261.528	1160	76022887	76024047
2022-08-01 10:40:15	-146.46	755.61	49.34	24.25	22.437	35.854	62.208	141.6304	598	39191119	39191717
2022-08-01 10:50:14	-146.46	754.91	48.65	24.312	23.0	35.858	62.203	162.1936	707	46334643	46335350
2022-08-01 11:00:14	-146.46	755.16	48.5	24.875	22.812	35.901	62.141	178.568	760	49808107	49808867
2022-08-01 11:10:23	-146.46	755.17	47.83	24.812	22.687	35.945	62.079	168.504	705	46203579	46204284
2022-08-01 11:20:16	-146.46	755.39	48.17	24.75	22.812	35.87	62.186	156.8352	674	44171926	44172600
2022-08-01 11:30:19	-146.46	755.34	47.73	24.75	22.812	35.869	62.187	153.9248	651	42664579	42665230
2022-08-01 11:40:23	-146.46	755.66	47.86	24.437	22.687	35.925	62.107	114.2128	461	30212559	30213020
2022-08-01 11:50:14	-146.46	755.19	47.21	24.0	22.812	35.895	62.151	118.9184	483	31654372	31654855
2022-08-01 12:00:13	-146.46	755.15	46.79	24.125	23.0	35.851	62.213	167.7696	727	47645384	47646111
2022-08-01 12:10:15	-146.46	754.68	46.46	25.25	23.5	35.956	62.063	179.8464	768	50332404	50333172
2022-08-01 12:20:18	-146.46	754.72	46.27	25.062	23.312	35.888	62.16	211.0448	901	59048823	59049724
2022-08-01 12:30:15	-146.46	754.35	46.14	25.25	23.812	36.938	60.827	426.36	2000	131073907	131075907
2022-08-01 12:40:14	-146.46	753.96	44.53	27.062	24.312	37.178	60.527	272.0272	1164	76285049	76286213
2022-08-01 12:50:19	-146.46	754.54	44.82	26.625	24.125	37.134	60.583	143.5344	603	39518805	39519408
2022-08-01 13:00:14	-146.46	754.21	45.18	26.062	24.187	37.093	60.633	253.8032	1059	69403675	69404734
2022-08-01 13:10:16	-146.46	754.65	45.53	26.187	23.562	37.17	60.537	235.4976	1012	66323426	66324438
2022-08-01 13:20:15	-146.46	754.0	45.21	26.75	24.437	37.156	60.555	222.3056	972	63701941	63702913
2022-08-01 13:30:15	-146.46	754.51	46.04	26.375	24.125	37.18	60.525	153.4624	613	40174186	40174799
2022-08-01 13:40:14	-146.46	753.85	45.11	26.062	24.437	37.152	60.56	503.4176	2337	153159868	153162205
2022-08-01 13:50:23	-146.46	754.09	45.6	26.125	24.375	37.084	60.645	199.7024	813	53281582	53282395
2022-08-01 14:00:15	-146.46	753.57	44.15	26.187	24.5	37.161	60.549	373.6464	1635	107152961	107154596
2022-08-01 14:10:23	-146.46	753.61	44.38	26.187	24.5	37.123	60.596	263.9488	1106	72483912	72485018
2022-08-01 14:20:14	-146.46	753.72	44.47	25.875	24.375	37.141	60.574	161.4864	643	42140297	42140940
2022-08-01 14:30:15	-146.46	753.08	42.67	25.5	24.75	37.197	60.503	336.9808	1321	86574397	86575718
2022-08-01 14:40:15	-146.46	753.15	42.16	25.375	24.625	37.21	60.488	374.9792	1479	96929242	96930721
2022-08-01 14:50:15	-146.46	752.69	42.25	25.5	25.125	37.234	60.457	560.184	2405	157616443	157618848
2022-08-01 15:00:14	-146.46	752.12	41.46	26.75	25.812	37.175	60.532	509.0208	2096	137365546	137367642
2022-08-01 15:10:18	-146.46	752.18	39.72	26.875	25.5	37.217	60.478	536.0848	2201	144246933	144249134
2022-08-01 15:20:23	-146.46	750.99	38.96	28.0	26.812	37.204	60.495	451.4656	1847	121046838	121048685
2022-08-01 15:30:23	-146.46	751.12	38.1	27.875	26.312	37.21	60.487	367.3088	1456	95421888	95423344
2022-08-01 15:40:21	-146.46	751.36	38.11	28.5	26.375	37.99	59.567	206.4752	899	58917743	58918642
2022-08-01 15:50:14	-146.46	751.52	37.75	28.0	26.437	39.158	58.269	523.9536	2207	144640135	144642342
2022-08-01 16:00:14	-146.46	750.26	38.73	28.5	27.5	40.161	56.985	887.4272	3764	246681218	246684982
2022-08-01 16:10:14	-146.46	750.49	36.82	28.375	27.125	40.94	55.949	273.5776	1037	67961898	67962935
2022-08-01 16:20:15	-146.46	749.44	36.19	28.125	27.75	40.866	56.045	863.3824	3388	222039406	222501557
2022-08-01 16:30:34	-146.46	751.09	37.97	27.812	26.375	40.867	56.044	233.24	950	62260151	62261101
2022-08-01 16:40:14	-146.46	751.26	37.74	27.562	26.062	40.829	56.095	175.3856	697	45679296	45679993
2022-08-01 16:50:14	-146.46	751.53	37.98	27.187	26.062	40.807	56.124	118.048	485	31785444	31785928
2022-08-01 17:00:14	-146.46	751.29	37.66	27.062	26.25	40.882	56.024	150.4976	612	40108645	40109257
2022-08-01 17:10:14	-146.46	751.29	37.3	27.062	26.125	40.863	56.05	151.096	645	42271355	42272000
2022-08-01 17:20:15	-146.46	751.05	36.97	27.312	26.375	40.826	56.098	159.2288	656	42992270	42992926
2022-08-01 17:30:13	-146.46	750.93	37.68	27.312	26.375	40.834	56.089	138.1216	592	38797894	38798486
2022-08-01 17:40:15	-146.46	751.02	37.04	27.125	26.187	40.816	56.112	154.2784	658	43123336	43123994
2022-08-01 17:50:15	-146.46	750.92	37.17	27.125	26.125	40.836	56.085	169.8912	694	45482678	45483372
2022-08-01 18:00:20	-146.46	750.77	37.11	27.125	26.187	40.884	56.022	185.3136	757	49611509	49612266
2022-08-01 18:10:14	-146.46	750.59	37.53	27.625	26.562	40.872	56.038	207.5088	881	57738085	57738966
2022-08-01 18:20:14	-146.46	750.35	38.26	27.875	26.437	40.874	56.035	297.0512	1269	83166433	83167702
2022-08-01 18:30:15	-146.46	750.17	37.03	29.062	26.812	40.933	55.958	372.0688	1506	98698727	98700233
2022-08-01 18:40:15	-146.46	749.92	36.63	29.562	26.812	40.903	55.996	659.5456	3097	202967944	202971041
2022-08-01 18:50:15	-146.46	749.06	35.24	34.625	27.875	40.866	56.045	759.7232	3684	240520581	240524251
2022-08-01 19:00:17	-146.46	749.53	35.65	36.562	27.125	22.099	79.868	143.3168	591	38732365	38732956
2022-08-01 19:10:15	-146.46	749.94	36.49	30.812	26.687	41.077	55.779	129.88	550	36045342	36045892
2022-08-01 19:20:14	-146.46	749.99	36.09	29.187	26.687	42.203	54.372	192.3312	844	55313207	55314051
2022-08-01 19:30:14	-146.46	750.17	35.98	28.687	26.562	42.234	54.333	138.8832	609	39912018	39912627
2022-08-01 19:40:14	-146.46	749.98	36.11	28.0	26.687	42.239	54.326	161.0512	719	47121081	47121800
2022-08-01 19:50:14	-146.46	749.31	35.87	33.062	27.562	41.904	54.745	102.2992	404	26476953	26477357
