2020-12-01 00:00:18	5.68	1013.83	93.11	6.0	7.0	29.558	69.928	0.3308	6	393232	393238
2020-12-01 00:10:13	5.78	1013.71	94.49	6.187	7.125	29.674	69.783	0.358	6	393233	393239
2020-12-01 00:30:14	6.06	1013.48	96.24	6.562	7.5	29.358	70.178	0.3656	4	262160	262164
2020-12-01 00:40:14	6.2	1013.27	97.37	6.812	7.687	29.299	70.251	0.3384	4	262159	262163
2020-12-01 00:50:14	6.37	1013.31	97.36	7.0	7.875	29.273	70.284	0.3112	4	262158	262162
2020-12-01 01:00:15	6.48	1013.59	97.98	7.125	7.937	29.287	70.266	0.3384	4	262159	262163
2020-12-01 01:10:13	6.41	1013.5	98.47	7.125	7.937	29.253	70.308	0.3286	3	196622	196625
2020-12-01 01:20:14	6.47	1013.48	98.91	7.125	7.812	29.251	70.311	0.2198	3	196618	196621
2020-12-01 01:30:15	6.34	1013.22	100	7.062	7.812	29.28	70.275	0.2198	3	196618	196621
2020-12-01 01:40:14	6.55	1012.89	100	7.187	7.937	29.301	70.249	0.2198	3	196618	196621
2020-12-01 01:50:14	6.54	1012.9	100	7.375	8.062	29.31	70.237	0.2198	3	196618	196621
2020-12-01 02:00:15	6.72	1012.73	100	7.375	8.25	29.286	70.267	0.2372	2	131082	196620
2020-12-01 02:10:15	6.78	1012.83	100	7.5	8.312	29.311	70.236	0.2198	3	196618	196621
2020-12-01 02:20:14	6.76	1012.76	100	7.625	8.375	29.346	70.193	0.2198	3	196618	196621
2020-12-01 02:30:14	6.94	1012.6	100	7.687	8.5	29.301	70.249	0.2198	3	196618	196621
2020-12-01 02:40:14	6.89	1012.48	100	7.625	8.5	29.33	70.213	0.2372	2	131082	131084
2020-12-01 02:50:15	6.92	1012.44	100	7.687	8.5	29.315	70.231	0.2372	2	131082	131084
2020-12-01 03:00:14	7.12	1012.36	100	7.687	8.625	29.289	70.264	0.2198	3	196618	196621
2020-12-01 03:10:14	7.32	1012.48	100	7.937	8.812	29.322	70.223	0.2198	3	196618	196621
2020-12-01 03:20:15	7.24	1012.59	100	7.937	8.75	29.306	70.243	0.2372	2	131082	131084
2020-12-01 03:30:14	7.17	1012.72	100	7.75	8.625	29.304	70.245	0.2198	3	196618	196621
2020-12-01 03:40:14	7.12	1012.71	99.71	7.687	8.625	29.349	70.189	0.2198	3	196618	196621
2020-12-01 03:50:14	7.26	1012.78	97.79	7.75	8.625	29.33	70.212	0.2198	3	196618	196621
2020-12-01 04:00:15	7.22	1012.92	93.13	7.562	8.562	29.3	70.25	0.2372	2	131082	131084
2020-12-01 04:10:15	7.05	1012.93	87.42	7.125	8.312	29.303	70.246	0.1926	3	196617	196620
2020-12-01 04:20:15	6.8	1013.04	85.49	6.75	8.062	29.264	70.295	0.2372	2	131082	131084
2020-12-01 04:30:14	6.62	1013.14	86.85	6.562	7.812	29.274	70.283	0.1926	3	196617	196620
2020-12-01 04:40:14	6.45	1013.13	86.31	6.437	7.687	29.283	70.271	0.1926	3	196617	196620
2020-12-01 04:50:14	6.31	1013.2	85.64	6.375	7.5	29.274	70.282	0.1926	3	196617	196620
2020-12-01 05:00:14	6.25	1013.33	85.88	6.312	7.5	29.255	70.306	0.1926	3	196617	196620
2020-12-01 05:10:14	6.18	1013.35	84.12	6.25	7.312	29.327	70.216	0.1926	3	196617	196620
2020-12-01 05:20:15	6.08	1013.44	84.99	6.187	7.25	29.322	70.222	0.3928	4	262161	262165
2020-12-01 05:30:15	5.99	1013.49	84.22	6.187	7.062	29.562	69.923	0.2198	3	196618	196621
2020-12-01 05:40:15	5.98	1013.54	84.0	6.187	7.062	29.606	69.868	0.1926	3	196617	196620
2020-12-01 05:50:13	5.86	1013.46	84.74	6.125	6.875	29.619	69.852	0.2198	3	196618	196621
2020-12-01 06:00:22	5.77	1013.56	86.21	6.062	6.75	29.425	70.093	0.2198	3	196618	196621
2020-12-01 06:10:29	5.72	1013.69	86.68	6.062	6.687	29.551	69.936	1.6048	1	65539	65540
2020-12-01 06:20:15	5.71	1013.69	86.76	6.062	6.687	29.463	70.046	0.2198	3	196618	196621
2020-12-01 06:30:15	5.76	1013.69	85.21	6.187	6.75	29.466	70.042	0.247	3	196619	196622
2020-12-01 06:40:15	5.79	1013.77	84.95	6.25	6.75	29.425	70.093	0.247	3	196619	196622
2020-12-01 06:50:15	5.76	1013.87	82.92	6.25	6.75	29.427	70.091	0.2198	3	196618	196621
2020-12-01 07:00:27	5.78	1013.99	83.22	6.25	6.75	29.353	70.183	2.9648	1	65541	65542
2020-12-01 07:10:14	5.85	1013.82	82.84	6.312	6.812	29.251	70.311	1.6048	1	65539	65540
2020-12-01 07:20:15	5.77	1013.87	81.83	6.312	6.75	29.313	70.234	2.04	0	3	3
2020-12-01 07:30:23	5.79	1013.87	82.06	6.375	6.812	29.264	70.295	2.04	0	3	3
2020-12-01 07:40:14	5.73	1013.95	82.12	6.375	6.687	29.24	70.325	2.04	0	3	3
2020-12-01 07:50:15	5.76	1013.99	81.28	6.375	6.75	29.236	70.33	2.72	0	4	4
2020-12-01 08:00:26	5.78	1014.02	81.16	6.375	6.75	29.238	70.327	2.2848	1	65540	65541
2020-12-01 08:10:23	5.79	1014.16	80.88	6.375	6.75	29.154	70.432	2.7744	3	196614	196617
2020-12-01 08:20:14	5.85	1014.23	80.62	6.437	6.812	29.115	70.481	4.8688	6	393227	393233
2020-12-01 08:30:16	5.85	1014.28	80.53	6.437	6.937	29.119	70.476	14.8512	19	1245218	1245237
2020-12-01 08:40:15	5.91	1014.38	80.59	6.5	6.937	29.071	70.536	32.9664	43	2818124	2818167
2020-12-01 08:50:15	6.0	1014.31	80.32	6.5	7.375	29.045	70.569	48.3344	78	5111929	5112007
2020-12-01 09:00:15	5.91	1014.33	80.62	6.562	6.875	29.058	70.552	52.6592	79	5177472	5177551
2020-12-01 09:10:15	5.86	1014.25	80.65	6.562	6.875	29.032	70.585	97.2944	103	6750417	6750520
2020-12-01 09:20:16	5.91	1014.19	79.26	6.5	6.937	29.057	70.554	123.352	140	9175311	9175451
2020-12-01 09:30:15	6.0	1014.2	78.52	6.5	7.125	28.951	70.686	137.6592	154	10092845	10092999
2020-12-01 09:40:15	6.06	1014.22	78.19	6.625	7.125	28.941	70.698	148.7568	166	10879301	10879467
2020-12-01 09:50:15	6.05	1014.22	78.88	6.625	7.125	28.907	70.741	144.1328	136	8913195	8913331
2020-12-01 10:00:16	6.17	1014.32	78.46	6.75	7.187	28.856	70.805	209.3312	294	19268080	19268374
2020-12-01 10:10:25	6.19	1014.34	78.68	6.937	7.25	28.89	70.763	182.0496	202	13238669	13238871
2020-12-01 10:20:16	6.2	1014.32	78.78	6.875	7.25	28.87	70.787	205.224	255	16712145	16712400
2020-12-01 10:30:15	6.31	1014.32	78.28	7.0	7.375	28.843	70.822	180.1728	186	12190080	12190266
2020-12-01 10:40:16	6.33	1014.26	78.35	7.0	7.5	28.843	70.822	202.0416	217	14221748	14221965
2020-12-01 10:50:17	6.43	1014.35	77.84	7.0	7.5	28.841	70.824	284.7568	391	25625245	25625636
2020-12-01 11:00:15	6.58	1014.56	77.41	7.437	7.687	28.865	70.793	288.32	400	26215080	26215480
2020-12-01 11:10:14	6.53	1014.46	77.62	7.562	7.625	28.878	70.778	224.672	240	15729124	15729364
2020-12-01 11:20:16	6.6	1014.49	77.66	7.375	7.687	28.778	70.902	282.5264	368	24117899	24118267
2020-12-01 11:30:15	6.7	1014.45	77.25	7.5	7.875	28.756	70.929	308.0128	411	26936012	26936423
2020-12-01 11:40:15	6.84	1014.46	76.98	8.062	8.0	28.745	70.943	393.1216	592	38798269	38798861
2020-12-01 11:50:15	6.96	1014.34	76.67	8.25	8.062	28.436	71.33	419.8048	601	39388138	39388739
2020-12-01 12:00:15	6.98	1014.3	76.76	8.062	8.062	28.461	71.299	389.9392	554	36307872	36308426
2020-12-01 12:10:15	7.07	1014.26	76.27	8.375	8.25	28.428	71.339	365.0512	544	35652469	35653013
2020-12-01 12:20:15	7.15	1014.23	76.17	8.437	8.312	28.337	71.453	273.7408	396	25952912	25953308
2020-12-01 12:30:15	7.17	1014.24	75.92	8.437	8.312	28.397	71.378	229.3776	337	22086185	22086522
2020-12-01 12:40:46	7.18	1014.28	75.68	8.437	8.375	28.355	71.431	269.7968	341	22348391	22348732
2020-12-01 12:50:15	7.23	1014.28	75.82	8.437	8.437	28.41	71.363	349.4656	497	32572224	32572721
2020-12-01 13:00:15	7.37	1014.13	75.33	8.437	8.5	28.309	71.488	458.9456	647	42402881	42403528
2020-12-01 13:10:15	7.37	1014.17	74.79	8.437	8.5	28.355	71.431	353.6544	503	32965450	32965953
2020-12-01 13:20:16	7.46	1014.11	74.08	8.687	8.625	28.358	71.428	298.7376	437	28639951	28640388
2020-12-01 13:30:14	7.47	1014.15	74.47	8.75	8.75	28.365	71.419	232.016	345	22610482	22610827
2020-12-01 13:40:15	7.49	1014.07	74.38	8.812	8.687	28.364	71.42	186.1296	277	18153923	18154200
2020-12-01 13:50:15	7.57	1014.01	74.68	8.75	8.812	28.313	71.484	263.9488	406	26608264	26608670
2020-12-01 14:00:15	7.65	1013.9	74.13	8.937	8.875	28.244	71.57	378.4608	596	39060394	39060990
2020-12-01 14:10:15	7.76	1013.75	73.49	9.062	8.937	28.26	71.549	276.5152	424	27787942	27788366
2020-12-01 14:20:15	7.85	1013.78	73.15	9.187	9.0	28.261	71.549	514.1616	792	51905775	51906567
2020-12-01 14:30:16	8.06	1013.88	72.09	9.5	9.187	28.266	71.542	523.4912	844	55313694	55314538
2020-12-01 14:40:14	7.99	1013.79	72.15	9.687	9.25	28.228	71.59	244.1472	364	23855696	23856060
2020-12-01 14:50:15	7.87	1013.86	72.7	9.375	9.062	28.224	71.595	226.4128	336	22020644	22020980
2020-12-01 15:00:15	7.94	1013.81	73.06	9.25	9.125	28.216	71.605	253.2592	402	26346100	26346502
2020-12-01 15:10:17	7.74	1013.81	73.97	8.875	8.812	28.199	71.626	82.3616	117	7667908	7668025
2020-12-01 15:20:16	7.6	1013.83	75.38	8.562	8.687	28.211	71.611	153.8704	223	14614897	14615120
2020-12-01 15:30:15	7.59	1013.8	75.63	8.437	8.687	28.179	71.651	144.1056	147	9634098	9634245
2020-12-01 15:40:16	7.6	1013.71	75.83	8.25	8.687	28.22	71.601	181.1248	226	14811547	14811773
2020-12-01 15:50:16	7.61	1013.74	75.14	8.25	8.687	28.204	71.621	175.7664	243	15925662	15925905
2020-12-01 16:00:15	7.59	1013.64	75.2	8.25	8.687	28.21	71.613	183.4368	291	19071432	19071723
2020-12-01 16:10:15	7.58	1013.68	75.44	8.25	8.687	28.21	71.613	134.8032	209	13697356	13697565
2020-12-01 16:20:16	7.51	1013.68	76.3	8.25	8.625	28.202	71.623	50.32	50	3276906	3276956
2020-12-01 16:30:15	7.46	1013.71	76.25	8.062	8.5	28.242	71.572	29.5392	29	1900606	1900635
2020-12-01 16:40:15	7.44	1013.8	76.7	8.0	8.5	28.263	71.546	27.2	25	1638456	1638481
2020-12-01 16:50:15	7.36	1013.86	76.81	7.937	8.375	28.212	71.61	19.856	20	1310762	1310782
2020-12-01 17:00:16	7.3	1013.8	77.06	7.875	8.312	28.217	71.604	10.8528	11	720919	720930
2020-12-01 17:10:15	7.26	1013.79	77.67	7.875	8.25	28.543	71.196	3.8896	2	131079	131081
2020-12-01 17:20:15	7.13	1013.82	78.29	7.75	8.125	28.563	71.171	2.2848	1	65540	65541
2020-12-01 17:30:16	7.02	1013.87	79.34	7.75	7.937	28.649	71.064	2.72	0	4	4
2020-12-01 17:40:15	6.92	1013.84	79.78	7.375	7.812	28.646	71.068	2.04	0	3	3
2020-12-01 17:50:15	6.91	1013.93	80.11	7.312	7.812	28.633	71.084	2.72	0	4	4
2020-12-01 18:00:15	6.82	1013.9	80.63	7.187	7.75	28.568	71.165	2.72	0	4	4
2020-12-01 18:10:15	6.79	1013.97	80.84	7.187	7.687	28.588	71.14	2.04	0	3	3
2020-12-01 18:20:15	6.85	1013.85	80.6	7.312	7.75	28.625	71.094	2.04	0	3	3
2020-12-01 18:30:50	7.11	1013.93	82.62	7.312	8.187	28.433	71.334	2.04	0	3	3
2020-12-01 18:40:15	6.82	1014.08	80.9	7.25	7.687	28.606	71.118	2.04	0	3	3
2020-12-01 18:50:14	6.73	1014.02	81.06	7.187	7.562	28.654	71.057	2.72	0	4	4
2020-12-01 19:00:15	6.69	1014.01	81.08	7.125	7.562	28.651	71.061	2.04	0	3	3
2020-12-01 19:10:35	6.68	1014.14	80.97	7.062	7.5	28.612	71.11	2.04	0	3	3
2020-12-01 19:20:14	6.69	1014.13	80.98	7.125	7.5	28.569	71.164	3.2096	2	131078	131080
2020-12-01 19:30:15	6.67	1014.03	80.83	7.125	7.5	28.615	71.106	2.04	0	3	3
2020-12-01 19:51:06	6.64	1014.03	81.22	7.0	7.437	28.577	71.154	2.04	0	3	3
2020-12-01 19:40:15	6.63	1014.03	81.03	7.062	7.5	28.58	71.15	2.04	0	3	3
2020-12-01 20:00:30	6.57	1014.0	81.58	7.0	7.375	28.629	71.089	2.04	0	3	3
2020-12-01 20:10:15	6.6	1013.89	81.32	7.0	7.375	28.585	71.144	2.04	0	3	3
2020-12-01 20:20:19	6.61	1013.95	81.26	7.062	7.375	28.656	71.055	2.04	0	3	3
2020-12-01 20:30:15	6.54	1013.96	81.28	7.125	7.375	28.659	71.051	2.04	0	3	3
2020-12-01 20:40:15	6.47	1014.04	81.55	7.125	7.312	28.679	71.026	2.04	0	3	3
2020-12-01 20:50:15	6.45	1013.91	81.69	7.0	7.25	28.643	71.072	2.04	0	3	3
2020-12-01 21:00:14	6.4	1013.95	82.47	6.937	7.25	28.656	71.056	2.04	0	3	3
2020-12-01 21:10:15	6.36	1013.93	83.1	6.875	7.25	28.654	71.057	2.04	0	3	3
2020-12-01 21:20:14	6.4	1013.87	83.44	6.937	7.125	28.628	71.091	2.04	0	3	3
2020-12-01 21:30:14	6.38	1013.95	83.75	7.0	7.187	28.609	71.114	2.04	0	3	3
2020-12-01 21:40:14	6.42	1013.89	83.69	7.0	7.187	28.659	71.052	2.04	0	3	3
2020-12-01 21:50:15	6.33	1013.85	83.69	6.937	7.187	28.642	71.073	2.04	0	3	3
2020-12-01 22:00:14	6.28	1013.76	83.36	6.937	7.125	28.638	71.078	2.04	0	3	3
2020-12-01 22:10:15	6.28	1013.86	82.75	6.937	7.062	28.648	71.066	2.04	0	3	3
2020-12-01 22:20:14	6.28	1013.84	82.32	6.937	7.125	28.622	71.098	2.04	0	3	3
2020-12-01 22:30:14	6.36	1013.87	81.72	7.0	7.187	28.645	71.069	2.04	0	3	3
2020-12-01 22:40:14	6.34	1013.93	81.32	7.062	7.187	28.638	71.078	2.04	0	3	3
2020-12-01 22:50:14	6.35	1013.78	80.87	7.062	7.187	28.642	71.073	2.04	0	3	3
2020-12-01 23:00:15	6.39	1013.64	80.57	7.125	7.25	28.683	71.021	2.04	0	3	3
2020-12-01 23:10:15	6.42	1013.62	80.63	7.125	7.25	28.631	71.086	2.04	0	3	3
2020-12-01 23:20:14	6.43	1013.54	80.92	7.125	7.312	28.631	71.086	2.04	0	3	3
2020-12-01 23:30:14	6.43	1013.5	81.25	7.187	7.312	28.628	71.09	2.04	0	3	3
2020-12-01 23:40:14	6.45	1013.54	81.48	7.125	7.312	28.657	71.054	2.04	0	3	3
2020-12-01 23:50:15	6.45	1013.54	81.24	7.125	7.312	28.649	71.064	2.04	0	3	3
2020-12-02 00:00:14	6.44	1013.41	81.47	7.125	7.312	28.607	71.116	0.3384	4	262159	262163
2020-12-02 00:10:14	6.44	1013.49	81.48	7.187	7.312	28.568	71.165	0.3384	4	262159	262163
2020-12-02 00:20:14	6.46	1013.39	81.42	7.125	7.312	28.563	71.171	0.2198	3	196618	196621
2020-12-02 00:30:14	6.45	1013.39	81.6	7.125	7.312	28.523	71.221	0.247	3	196619	196622
2020-12-02 00:40:14	6.41	1013.29	81.68	7.125	7.312	28.547	71.191	0.247	3	196619	196622
2020-12-02 00:50:23	6.46	1013.26	81.85	7.187	7.312	28.6	71.125	0.247	3	196619	196622
2020-12-02 01:00:14	6.45	1013.2	82.08	7.187	7.312	28.538	71.202	0.247	3	196619	196622
2020-12-02 01:10:14	6.44	1013.05	82.39	7.187	7.312	28.566	71.167	0.2198	3	196618	196621
2020-12-02 01:20:33	6.49	1012.93	82.34	7.187	7.375	28.542	71.197	0.68	0	1	1
2020-12-02 01:30:14	6.55	1013.1	82.45	7.25	7.437	28.553	71.183	0.2198	3	196618	196621
2020-12-02 01:40:14	6.53	1012.88	82.51	7.25	7.437	28.557	71.178	0.247	3	196619	196622
2020-12-02 01:50:14	6.54	1012.88	82.74	7.25	7.437	28.608	71.116	0.2198	3	196618	196621
2020-12-02 02:00:32	6.52	1012.92	83.07	7.25	7.437	28.541	71.198	0.247	3	196619	196622
2020-12-02 02:10:15	6.52	1012.97	83.35	7.25	7.437	28.574	71.158	0.247	3	196619	196622
2020-12-02 02:20:15	6.53	1012.95	83.54	7.25	7.375	28.572	71.161	1.6048	1	65539	65540
2020-12-02 02:30:14	6.49	1012.89	84.01	7.25	7.375	28.561	71.173	1.1337	38	2490434	2490472
2020-12-02 02:40:14	6.51	1012.73	84.12	7.25	7.375	28.572	71.161	0.2198	3	196618	196621
2020-12-02 02:50:14	6.53	1012.66	84.18	7.25	7.375	28.545	71.193	0.2198	3	196618	196621
2020-12-02 03:00:15	6.51	1012.63	84.24	7.25	7.375	28.517	71.228	0.2198	3	196618	196621
2020-12-02 03:10:28	6.52	1012.69	84.29	7.25	7.375	28.547	71.191	0.2198	3	196618	196621
2020-12-02 03:20:43	6.52	1012.59	84.41	7.25	7.375	28.563	71.171	0.2198	3	196618	196621
2020-12-02 03:30:14	6.49	1012.58	84.47	7.25	7.375	28.557	71.178	0.247	3	196619	196622
2020-12-02 03:40:14	6.5	1012.68	84.67	7.25	7.375	28.529	71.213	0.2198	3	196618	196621
2020-12-02 03:50:14	6.51	1012.69	84.64	7.25	7.375	28.576	71.156	0.2198	3	196618	196621
2020-12-02 04:00:14	6.56	1012.69	84.49	7.25	7.437	28.541	71.198	0.247	3	196619	196622
2020-12-02 04:10:15	6.5	1012.56	84.72	7.312	7.375	28.549	71.189	0.247	3	196619	196622
2020-12-02 04:20:15	6.48	1012.6	85.09	7.312	7.375	28.565	71.169	0.247	3	196619	196622
2020-12-02 04:30:13	6.48	1012.56	85.43	7.25	7.375	28.535	71.206	0.2198	3	196618	196621
2020-12-02 04:40:14	6.5	1012.43	85.53	7.25	7.375	28.547	71.191	0.247	3	196619	196622
2020-12-02 04:50:14	6.52	1012.38	85.53	7.312	7.375	28.525	71.219	0.247	3	196619	196622
2020-12-02 05:00:13	6.5	1012.32	85.77	7.312	7.375	28.557	71.179	0.247	3	196619	196622
2020-12-02 05:10:14	6.47	1012.24	86.15	7.312	7.312	28.593	71.134	0.9248	1	65538	65539
2020-12-02 05:20:14	6.5	1012.32	86.27	7.312	7.375	28.581	71.149	1.1261	40	2621507	2621547
2020-12-02 05:30:13	6.53	1012.27	86.23	7.312	7.375	28.561	71.174	0.247	3	196619	196622
2020-12-02 05:40:14	6.5	1012.23	86.34	7.312	7.375	28.529	71.214	0.247	3	196619	196622
2020-12-02 05:50:14	6.57	1012.29	86.15	7.312	7.437	28.545	71.194	0.247	3	196619	196622
2020-12-02 06:00:14	6.55	1012.17	86.43	7.312	7.375	28.537	71.204	0.247	3	196619	196622
2020-12-02 06:10:14	6.53	1012.19	86.48	7.375	7.437	28.57	71.163	0.247	3	196619	196622
2020-12-02 06:20:14	6.54	1012.22	86.41	7.312	7.437	28.543	71.197	0.247	3	196619	196622
2020-12-02 06:30:15	6.56	1012.17	86.34	7.375	7.437	28.58	71.15	0.247	3	196619	196622
2020-12-02 06:40:14	6.53	1012.29	86.38	7.312	7.375	28.575	71.157	0.2742	3	196620	196623
2020-12-02 06:50:34	6.5	1012.3	86.33	7.312	7.375	28.541	71.199	1.6048	1	65539	65540
2020-12-02 07:00:15	6.55	1012.09	86.21	7.375	7.437	28.58	71.15	2.04	0	3	3
2020-12-02 07:10:13	6.53	1012.12	86.45	7.375	7.375	28.592	71.135	1.6048	1	65539	65540
2020-12-02 07:20:14	6.53	1012.02	86.54	7.375	7.375	28.554	71.183	2.04	0	3	3
2020-12-02 07:30:15	6.56	1011.95	86.5	7.375	7.437	28.596	71.13	2.04	0	3	3
2020-12-02 07:40:14	6.53	1011.94	86.75	7.375	7.437	28.544	71.195	2.04	0	3	3
2020-12-02 07:50:17	6.57	1012.02	86.77	7.375	7.437	28.546	71.193	2.72	0	4	4
2020-12-02 08:00:16	6.58	1011.96	86.53	7.375	7.437	28.546	71.193	2.2848	1	65540	65541
2020-12-02 08:10:13	7.13	1011.96	85.27	7.437	8.437	28.163	71.672	3.0192	4	262151	262155
2020-12-02 08:20:15	6.59	1012.01	86.86	7.437	8.437	28.565	71.169	6.4736	7	458766	458773
2020-12-02 08:30:16	6.57	1012.04	87.4	7.375	7.437	28.57	71.163	9.9824	13	851991	852004
2020-12-02 08:40:15	6.56	1012.04	87.52	7.437	7.375	28.541	71.199	12.3216	17	1114141	1114158
2020-12-02 08:50:14	6.64	1012.09	87.42	7.437	7.5	28.545	71.194	15.3408	21	1376292	1376313
2020-12-02 09:00:15	6.59	1012.13	87.44	7.437	7.562	28.563	71.171	26.3024	38	2490431	2490469
2020-12-02 09:10:14	6.59	1012.03	87.61	7.5	7.5	28.532	71.21	60.5472	89	5832850	5832939
2020-12-02 09:20:15	6.68	1012.04	87.18	7.562	7.5	28.537	71.203	80.5664	118	7733442	7733560
2020-12-02 09:30:15	6.71	1012.0	87.17	7.625	7.562	28.607	71.117	93.7584	133	8716511	8716644
2020-12-02 09:40:15	6.65	1011.92	87.55	7.687	7.5	28.58	71.15	102.7344	153	10027257	10027410
2020-12-02 09:50:15	6.7	1011.86	87.47	7.75	7.562	28.581	71.149	116.6064	168	11010327	11010495
2020-12-02 10:00:16	6.72	1011.84	87.15	7.812	7.562	28.432	71.335	147.7232	209	13697375	13697584
2020-12-02 10:10:15	6.84	1011.68	86.82	7.937	7.625	28.32	71.475	246.432	365	23921236	23921601
2020-12-02 10:20:15	6.94	1011.78	86.29	8.187	7.812	28.182	71.647	187.2992	279	18284998	18285277
2020-12-02 10:30:14	6.89	1011.69	86.19	8.187	7.75	28.232	71.584	213.112	315	20644355	20644670
2020-12-02 10:40:16	6.88	1011.58	86.09	8.25	7.75	28.57	71.162	230.0576	337	22086186	22086523
2020-12-02 10:50:15	7.04	1011.59	85.05	8.25	7.875	28.402	71.372	254.3744	378	24773224	24773602
2020-12-02 11:00:15	6.98	1011.62	85.26	8.437	7.875	28.532	71.21	235.3616	342	22413877	22414219
2020-12-02 11:10:15	7.14	1011.65	84.98	8.562	8.062	28.488	71.265	244.5824	363	23790160	23790523
2020-12-02 11:20:16	7.24	1011.5	84.4	8.687	8.125	28.236	71.581	316.2816	467	30606076	30606543
2020-12-02 11:30:15	7.2	1011.43	84.24	8.812	8.125	28.186	71.643	334.56	500	32768812	32769312
2020-12-02 11:40:14	7.22	1011.21	83.43	8.875	8.062	28.219	71.601	292.9984	433	28377796	28378229
2020-12-02 11:50:15	7.17	1011.1	83.66	8.875	8.062	28.251	71.561	230.0576	337	22086186	22086523
2020-12-02 12:00:14	7.26	1010.96	82.61	8.875	8.125	28.203	71.621	370.6816	542	35521404	35521946
2020-12-02 12:10:16	7.66	1011.02	87.3	9.125	8.562	28.127	71.716	379.984	555	36373394	36373949
2020-12-02 12:20:15	7.42	1010.73	81.28	9.25	8.312	28.186	71.643	349.6016	517	33882957	33883474
2020-12-02 12:30:16	7.37	1010.66	80.16	9.062	8.25	28.186	71.642	379.0592	554	36307856	36308410
2020-12-02 12:40:15	7.28	1010.54	78.69	9.062	8.187	28.194	71.632	302.736	445	29164250	29164695
2020-12-02 12:50:15	7.38	1010.4	77.38	9.0	8.25	28.123	71.721	375.1696	552	36176777	36177329
2020-12-02 13:00:15	7.4	1010.38	76.75	9.0	8.187	28.233	71.583	402.696	595	38994893	38995488
2020-12-02 13:10:14	7.64	1010.19	74.48	9.062	8.437	28.162	71.672	511.1424	763	50005208	50005971
2020-12-02 13:20:15	7.7	1010.09	73.2	9.312	8.5	28.173	71.659	499.7456	747	48956605	48957352
2020-12-02 13:30:14	7.79	1010.11	73.22	9.5	8.625	28.166	71.668	472.0288	706	46269562	46270268
2020-12-02 13:40:14	7.82	1009.88	73.38	9.5	8.687	28.18	71.65	397.12	600	39322568	39323168
2020-12-02 13:50:13	7.7	1009.86	74.16	9.187	8.562	28.15	71.687	229.6224	338	22151722	22152060
2020-12-02 14:00:14	7.51	1009.84	75.57	8.75	8.437	28.209	71.614	99.6064	143	9371886	9372029
2020-12-02 14:10:15	7.29	1009.74	77.87	8.312	8.125	28.235	71.582	68.8704	98	6422692	6422790
2020-12-02 14:20:14	7.32	1009.67	77.16	8.187	8.125	28.19	71.637	103.6048	151	9896185	9896336
2020-12-02 14:30:14	7.33	1009.52	75.9	8.187	8.187	28.19	71.637	163.7712	244	15991181	15991425
2020-12-02 14:40:14	7.45	1009.41	74.55	8.375	8.312	28.252	71.56	221.2448	326	21365270	21365596
2020-12-02 14:50:14	7.49	1009.45	74.52	8.562	8.312	28.201	71.623	248.1728	361	23659092	23659453
2020-12-02 15:00:15	7.56	1009.58	74.33	8.625	8.375	28.206	71.617	180.472	265	17367475	17367740
2020-12-02 15:10:14	7.57	1009.41	74.63	8.562	8.437	28.151	71.686	134.096	195	12779842	12780037
2020-12-02 15:20:23	7.73	1009.32	75.21	8.375	8.812	32.615	66.106	114.376	170	11141397	11141567
2020-12-02 15:30:15	7.61	1009.23	74.41	8.437	8.625	32.621	66.099	117.2048	176	11534621	11534797
2020-12-02 15:40:14	7.53	1009.05	74.66	8.375	8.437	32.615	66.106	89.7328	136	8913115	8913251
2020-12-02 15:50:14	7.54	1009.11	74.68	8.312	8.5	32.63	66.088	55.2432	84	5505159	5505243
2020-12-02 16:00:15	7.56	1008.99	74.85	8.25	8.5	32.618	66.102	40.7184	58	3801185	3801243
2020-12-02 16:10:14	7.53	1008.97	74.41	8.187	8.437	32.602	66.122	37.0192	54	3539033	3539087
2020-12-02 16:20:19	7.45	1009.03	74.2	8.125	8.312	32.587	66.141	27.7168	41	2687043	2687084
2020-12-02 16:30:20	7.47	1008.93	74.66	8.125	8.375	32.601	66.124	26.4112	44	2883651	2883695
2020-12-02 16:40:30	7.5	1008.88	75.29	8.125	8.375	32.587	66.141	14.28	25	1638437	1638462
2020-12-02 16:50:19	7.39	1008.72	77.23	8.062	8.312	32.567	66.166	4.8688	6	393227	393233
2020-12-02 17:00:20	7.41	1008.67	78.07	8.0	8.312	32.596	66.131	1.8496	2	131076	131078
2020-12-02 17:10:23	7.41	1008.6	79.58	8.0	8.25	32.576	66.156	0.9248	1	65538	65539
2020-12-02 17:20:19	7.34	1008.66	79.99	7.937	8.125	32.624	66.095	0.68	0	1	1
2020-12-02 17:30:19	7.31	1008.51	82.58	7.875	8.125	32.594	66.132	0.68	0	1	1
2020-12-02 17:40:15	7.21	1008.56	80.4	7.812	7.937	32.691	66.011	0.68	0	1	1
2020-12-02 17:50:17	7.26	1008.51	85.79	7.812	8.0	32.617	66.104	0.3308	6	393232	393238
2020-12-02 18:00:16	7.28	1008.37	85.29	7.75	7.937	32.579	66.151	2.72	0	4	4
2020-12-02 18:10:14	7.23	1008.35	87.01	7.75	7.75	32.597	66.129	2.72	0	4	4
2020-12-02 18:20:15	7.15	1008.35	87.62	7.75	7.687	32.671	66.036	2.04	0	3	3
2020-12-02 18:30:14	7.25	1008.26	86.63	7.75	7.812	32.603	66.121	2.04	0	3	3
2020-12-02 18:40:14	7.41	1008.17	86.06	7.812	8.25	32.613	66.109	2.04	0	3	3
2020-12-02 18:50:17	7.17	1008.04	85.5	7.75	7.937	32.669	66.039	2.04	0	3	3
2020-12-02 19:00:15	7.17	1008.05	84.11	7.75	7.937	32.613	66.109	2.5296	2	131077	131079
2020-12-02 19:10:45	7.24	1008.11	83.29	7.75	7.937	32.613	66.109	3.8896	2	131079	131081
2020-12-02 19:20:54	7.31	1007.98	82.54	7.75	8.0	32.615	66.106	2.04	0	3	3
2020-12-02 19:30:22	7.25	1007.97	81.56	7.75	7.937	32.615	66.106	2.2848	1	65540	65541
2020-12-02 19:40:15	7.32	1007.83	81.49	7.75	8.0	32.625	66.094	2.04	0	3	3
2020-12-02 19:50:47	7.58	1007.81	81.53	7.75	8.437	32.633	66.084	3.2096	2	131078	131080
2020-12-02 20:00:19	7.33	1007.83	80.99	7.75	8.062	32.633	66.084	2.72	0	4	4
2020-12-02 20:10:14	7.22	1007.75	80.45	7.75	7.937	32.627	66.091	2.72	0	4	4
2020-12-02 20:20:14	7.3	1007.6	79.82	7.687	8.0	32.629	66.088	2.72	0	4	4
2020-12-02 20:30:14	7.22	1007.43	79.31	7.687	8.0	32.617	66.103	2.5296	2	131077	131079
2020-12-02 20:40:37	7.23	1007.34	79.77	7.687	8.0	32.609	66.113	2.72	0	4	4
2020-12-02 20:50:14	7.08	1007.17	79.58	7.625	7.875	32.606	66.118	2.04	0	3	3
2020-12-02 21:00:14	7.11	1007.15	79.17	7.625	7.875	32.606	66.118	2.72	0	4	4
2020-12-02 21:10:15	7.17	1007.25	79.15	7.687	7.937	32.611	66.111	2.04	0	3	3
2020-12-02 21:20:14	7.11	1007.26	78.16	7.625	7.812	32.638	66.078	2.04	0	3	3
2020-12-02 21:30:16	6.99	1007.41	77.84	7.562	7.75	32.644	66.07	2.72	0	4	4
2020-12-02 21:40:21	6.97	1007.36	77.87	7.562	7.687	32.734	65.964	2.04	0	3	3
2020-12-02 21:50:31	6.9	1007.24	77.36	7.562	7.625	32.68	66.025	2.04	0	3	3
2020-12-02 22:00:24	6.99	1007.08	77.11	7.562	7.687	32.604	66.12	2.04	0	3	3
2020-12-02 22:10:37	6.91	1006.76	76.57	7.5	7.625	32.943	65.744	2.04	0	3	3
2020-12-02 22:20:26	6.8	1006.45	76.45	7.5	7.5	33.001	65.683	2.04	0	3	3
2020-12-02 22:30:27	6.88	1006.37	76.48	7.437	7.5	32.715	65.984	2.5296	2	131077	131079
2020-12-02 22:40:17	6.92	1006.46	76.07	7.5	7.625	32.819	65.875	2.04	0	3	3
2020-12-02 22:50:17	6.86	1006.24	76.01	7.437	7.562	33.015	65.668	2.04	0	3	3
2020-12-02 23:00:15	6.89	1006.04	75.59	7.437	7.625	33.011	65.672	2.04	0	3	3
2020-12-02 23:10:16	6.92	1005.79	75.25	7.5	7.625	32.715	65.985	2.04	0	3	3
2020-12-02 23:20:16	6.94	1005.79	75.19	7.5	7.687	32.667	66.042	2.04	0	3	3
2020-12-02 23:30:15	6.91	1005.84	74.47	7.5	7.625	33.043	65.639	2.04	0	3	3
2020-12-02 23:40:16	6.89	1005.92	74.66	7.5	7.562	32.801	65.894	2.04	0	3	3
2020-12-02 23:50:28	7.21	1005.86	72.21	7.437	7.812	32.667	66.041	2.04	0	3	3
2020-12-03 00:00:15	6.74	1005.78	73.27	7.312	7.375	33.03	65.653	0.3558	3	196623	196626
2020-12-03 00:10:14	6.68	1005.54	73.27	7.375	7.375	33.036	65.647	0.247	3	196619	196622
2020-12-03 00:20:15	6.63	1005.47	72.64	7.312	7.375	33.038	65.644	0.2198	3	196618	196621
2020-12-03 00:30:14	6.64	1005.23	72.27	7.25	7.312	33.052	65.629	0.2198	3	196618	196621
2020-12-03 00:40:14	6.56	1005.01	72.26	7.312	7.25	33.092	65.587	0.2198	3	196618	196621
2020-12-03 00:50:14	6.55	1004.81	72.0	7.25	7.25	33.046	65.636	0.2198	3	196618	196621
2020-12-03 01:00:14	6.51	1004.51	72.58	7.187	7.187	32.966	65.719	1.6048	1	65539	65540
2020-12-03 01:10:22	6.34	1004.17	73.67	7.187	7.187	32.992	65.692	0.68	0	1	1
2020-12-03 01:20:14	6.46	1003.92	74.06	7.125	7.062	33.081	65.599	0.247	3	196619	196622
2020-12-03 01:30:15	6.29	1003.78	75.09	7.062	7.0	33.043	65.639	0.2198	3	196618	196621
2020-12-03 01:40:14	6.36	1003.62	75.53	7.125	7.0	33.047	65.635	0.2198	3	196618	196621
2020-12-03 01:50:14	6.32	1003.57	76.23	7.0	6.937	33.057	65.624	0.2198	3	196618	196621
2020-12-03 02:00:13	6.13	1003.46	79.15	6.75	6.75	33.045	65.637	0.2198	3	196618	196621
2020-12-03 02:10:33	6.07	1003.36	81.57	6.625	6.625	33.037	65.645	0.2198	3	196618	196621
2020-12-03 02:20:14	5.89	1003.32	84.59	6.562	6.375	33.04	65.643	0.2198	3	196618	196621
2020-12-03 02:30:15	5.83	1003.11	86.47	6.312	6.312	33.049	65.633	0.2198	3	196618	196621
2020-12-03 02:40:17	5.93	1003.04	86.8	6.25	6.375	32.993	65.691	0.2198	3	196618	196621
2020-12-03 02:50:14	5.83	1002.86	87.78	6.187	6.312	33.025	65.657	0.2198	3	196618	196621
2020-12-03 03:00:15	5.89	1002.65	88.4	6.187	6.375	32.997	65.687	0.2198	3	196618	196621
2020-12-03 03:10:31	5.88	1002.41	88.48	6.375	6.25	33.013	65.671	0.2198	3	196618	196621
2020-12-03 03:20:15	5.92	1002.02	88.56	6.375	6.312	33.025	65.658	0.2198	3	196618	196621
2020-12-03 03:30:14	5.91	1002.13	88.35	6.437	6.375	33.022	65.661	0.2198	3	196618	196621
2020-12-03 03:40:14	5.77	1002.06	88.83	6.375	6.312	33.021	65.663	0.2198	3	196618	196621
2020-12-03 03:50:14	5.91	1001.8	88.3	6.437	6.437	33.032	65.65	0.2198	3	196618	196621
2020-12-03 04:00:14	5.84	1001.56	88.53	6.437	6.437	33.006	65.678	0.2198	3	196618	196621
2020-12-03 04:10:14	5.89	1001.21	88.41	6.5	6.5	33.024	65.659	0.2198	3	196618	196621
2020-12-03 04:20:15	5.84	1000.96	88.51	6.5	6.437	33.012	65.672	0.2198	3	196618	196621
2020-12-03 04:30:14	5.81	1000.7	88.87	6.562	6.437	33.046	65.636	0.2372	2	131082	131084
2020-12-03 04:40:14	5.94	1000.67	88.48	6.562	6.5	33.016	65.668	0.2198	3	196618	196621
2020-12-03 04:50:15	5.88	1000.54	88.9	6.562	6.5	33.042	65.64	0.1926	3	196617	196620
2020-12-03 05:00:13	5.86	1000.21	89.69	6.5	6.5	32.98	65.705	0.2198	3	196618	196621
2020-12-03 05:10:14	5.84	1000.02	90.79	6.187	6.437	33.017	65.666	0.9063	37	2424889	2424926
2020-12-03 05:20:14	5.87	999.87	91.79	6.25	6.437	33.013	65.67	0.2198	3	196618	196621
2020-12-03 05:30:14	5.86	999.9	91.89	6.25	6.437	33.011	65.672	0.2198	3	196618	196621
2020-12-03 05:40:15	5.8	999.73	91.67	6.187	6.375	32.975	65.71	0.2198	3	196618	196621
2020-12-03 05:50:14	5.69	999.54	92.36	6.187	6.312	33.007	65.676	0.247	3	196619	196622
2020-12-03 06:00:14	5.74	999.25	92.38	6.125	6.312	33.008	65.676	0.2198	3	196618	196621
2020-12-03 06:10:14	5.69	999.13	92.7	6.125	6.25	33.014	65.67	0.2198	3	196618	196621
2020-12-03 06:20:14	5.66	998.93	93.23	6.187	6.312	32.967	65.718	0.2198	3	196618	196621
2020-12-03 06:30:14	5.74	998.65	93.61	6.187	6.375	32.975	65.71	0.2198	3	196618	196621
2020-12-03 06:40:14	5.77	998.52	92.81	6.25	6.375	33.005	65.679	0.247	3	196619	196622
2020-12-03 06:50:14	5.82	998.47	92.81	6.312	6.437	33.023	65.66	0.247	3	196619	196622
2020-12-03 07:00:40	5.9	998.26	92.36	6.437	6.5	33.006	65.678	2.04	0	3	3
2020-12-03 07:10:15	5.92	998.08	92.27	6.437	6.562	32.956	65.73	2.72	0	4	4
2020-12-03 07:20:15	5.89	997.95	92.71	6.437	6.5	33.028	65.655	2.04	0	3	3
2020-12-03 07:30:17	5.79	997.79	93.12	6.375	6.437	33.019	65.665	2.04	0	3	3
2020-12-03 07:40:16	5.92	997.57	92.89	6.437	6.562	32.988	65.697	2.04	0	3	3
2020-12-03 07:50:14	5.78	997.41	93.55	6.375	6.437	33.037	65.646	2.72	0	4	4
2020-12-03 08:00:25	5.82	997.37	93.24	6.312	6.437	33.031	65.652	2.72	0	4	4
2020-12-03 08:10:56	6.57	997.1	95.69	6.375	8.0	32.901	65.789	2.5296	2	131077	131079
2020-12-03 08:20:14	5.78	996.97	93.71	6.375	6.437	33.037	65.646	4.8144	3	196617	196620
2020-12-03 08:30:26	5.85	996.88	92.94	6.437	6.562	33.004	65.68	8.0784	8	524305	524313
2020-12-03 08:40:15	5.79	996.53	93.34	6.375	6.5	33.021	65.663	16.0752	24	1572903	1572927
2020-12-03 08:50:16	5.89	996.53	93.22	6.437	6.625	33.03	65.652	20.0192	29	1900592	1900621
2020-12-03 09:00:15	5.85	996.15	93.0	6.437	6.562	33.016	65.667	43.9552	74	4849776	4849850
2020-12-03 09:10:14	5.79	996.13	93.09	6.5	6.5	33.06	65.621	52.088	85	5570691	5570776
2020-12-03 09:20:15	5.78	995.89	92.91	6.437	6.5	33.014	65.669	53.8832	84	5505157	5505241
2020-12-03 09:30:15	5.79	995.89	93.3	6.5	6.5	33.06	65.621	44.472	65	4259947	4260012
2020-12-03 09:40:15	5.9	995.62	92.87	6.5	6.625	33.044	65.638	45.832	65	4259949	4260014
2020-12-03 09:50:15	5.75	995.46	92.94	6.5	6.5	33.018	65.665	97.92	150	9830640	9830790
2020-12-03 10:00:16	5.78	995.38	92.56	6.562	6.5	33.032	65.651	94.112	140	9175268	9175408
2020-12-03 10:10:16	5.79	995.23	92.66	6.562	6.5	33.048	65.634	94.8464	143	9371879	9372022
2020-12-03 10:20:23	5.83	994.99	91.78	6.625	6.625	33.031	65.651	123.6784	183	11993387	11993570
2020-12-03 10:30:16	5.79	994.9	91.5	6.625	6.562	33.051	65.63	120.4144	178	11665699	11665877
2020-12-03 10:40:15	5.91	994.6	90.73	6.687	6.75	33.035	65.647	130.2064	193	12648763	12648956
2020-12-03 10:50:15	6.01	994.52	90.54	6.687	6.812	33.025	65.658	112.1728	161	10551564	10551725
2020-12-03 11:00:15	5.97	994.17	90.28	6.75	6.75	33.059	65.622	128.4928	186	12190004	12190190
2020-12-03 11:10:15	5.99	994.0	89.54	6.75	6.812	33.039	65.643	91.8544	128	8388825	8388953
2020-12-03 11:20:15	6.06	993.74	89.66	6.75	6.875	33.069	65.612	129.3632	184	12058932	12059116
2020-12-03 11:30:15	6.09	993.2	89.57	6.875	6.875	32.51	66.237	224.1552	324	21234201	21234525
2020-12-03 11:40:15	6.21	992.83	88.33	7.0	7.0	32.563	66.171	188.5504	273	17891780	17892053
2020-12-03 11:50:14	6.25	992.63	88.33	7.125	7.062	32.557	66.179	119.0816	167	10944794	10944961
2020-12-03 12:00:15	6.18	992.29	88.72	7.062	6.937	32.557	66.179	125.3648	176	11534633	11534809
2020-12-03 12:10:16	6.14	991.9	88.99	6.875	6.937	32.546	66.192	130.2336	182	11927860	11928042
2020-12-03 12:20:16	6.13	991.68	89.93	6.875	6.875	32.58	66.15	121.8016	167	10944798	10944965
2020-12-03 12:30:15	6.13	991.37	91.07	6.687	6.875	32.515	66.231	132.9536	182	11927864	11928046
2020-12-03 12:40:15	6.01	991.22	91.57	6.625	6.812	32.53	66.213	86.0064	118	7733450	7733568
2020-12-03 12:50:14	6.09	990.99	91.08	6.625	6.875	32.53	66.213	117.3136	157	10289425	10289582
2020-12-03 13:00:14	6.09	990.61	91.01	6.687	6.875	32.543	66.196	64.328	85	5570709	5570794
2020-12-03 13:10:15	6.11	990.23	91.12	6.687	6.875	32.543	66.196	100.4224	138	9044204	9044342
2020-12-03 13:20:15	6.15	989.79	90.85	6.75	6.937	32.531	66.211	167.3072	239	15663503	15663742
2020-12-03 13:30:15	6.15	989.6	91.11	6.75	6.937	32.535	66.206	129.3632	184	12058932	12059116
2020-12-03 13:40:15	6.21	989.33	90.8	6.687	6.937	32.501	66.249	197.6624	288	18874843	18875131
2020-12-03 13:50:15	6.14	989.0	92.2	6.75	6.875	32.539	66.201	114.512	165	10813714	10813879
2020-12-03 14:00:16	6.1	988.64	91.09	6.687	6.812	32.551	66.186	142.9632	209	13697368	13697577
2020-12-03 14:10:16	6.05	988.32	91.65	6.687	6.875	32.525	66.219	104.5296	152	9961723	9961875
2020-12-03 14:20:16	6.16	988.05	91.41	6.687	6.875	32.517	66.229	153.68	225	14745970	14746195
2020-12-03 14:30:15	6.12	987.72	91.48	6.687	6.812	32.519	66.226	124.1136	182	11927851	11928033
2020-12-03 14:40:15	6.11	987.37	91.12	6.625	6.812	32.514	66.233	104.9104	148	9699577	9699725
2020-12-03 14:50:15	6.16	987.04	91.53	6.625	6.875	32.474	66.283	108.2288	156	10223875	10224031
2020-12-03 15:00:14	6.06	986.52	91.78	6.687	6.75	32.483	66.271	93.1328	136	8913120	8913256
2020-12-03 15:10:14	6.0	986.29	92.47	6.562	6.687	32.46	66.3	66.776	95	6226079	6226174
2020-12-03 15:20:14	6.0	985.9	92.84	6.5	6.687	32.438	66.327	92.888	135	8847583	8847718
2020-12-03 15:30:29	6.25	985.44	92.88	6.562	7.125	32.244	66.57	68.4352	99	6488228	6488327
2020-12-03 15:40:14	5.99	985.07	93.88	6.562	6.75	32.046	66.817	72.1888	106	6946990	6947096
2020-12-03 15:50:15	5.95	984.75	93.83	6.562	6.687	32.102	66.747	40.2832	59	3866721	3866780
2020-12-03 16:00:15	6.01	984.45	94.01	6.562	6.812	31.956	66.93	30.056	45	2949193	2949238
2020-12-03 16:10:14	6.08	984.12	94.0	6.562	6.875	31.798	67.127	25.1872	39	2555966	2556005
2020-12-03 16:20:15	6.11	983.74	94.41	6.625	6.937	31.538	67.452	17.2448	26	1703978	1704004
2020-12-03 16:30:15	6.15	983.45	94.38	6.625	7.0	31.322	67.722	11.5872	14	917530	917544
2020-12-03 16:40:14	6.16	983.1	94.16	6.625	7.0	31.156	67.93	5.3584	8	524301	524309
2020-12-03 16:50:15	6.16	982.77	94.7	6.625	7.0	30.938	68.202	2.7744	3	196614	196617
2020-12-03 17:00:15	6.22	982.58	94.34	6.625	7.062	30.736	68.454	2.04	0	3	3
2020-12-03 17:10:14	6.26	982.17	95.01	6.625	7.125	30.445	68.819	1.36	0	2	2
2020-12-03 17:20:14	6.28	981.79	95.17	6.687	7.187	30.128	69.215	0.3308	6	393232	393238
2020-12-03 17:30:15	6.35	981.66	95.05	6.75	7.25	29.67	69.788	0.3384	4	262159	262163
2020-12-03 17:40:19	6.35	981.26	95.39	6.812	7.25	29.111	70.486	0.3754	5	327697	327702
2020-12-03 17:50:25	6.36	981.12	96.15	6.812	7.25	28.525	71.219	0.68	0	1	1
2020-12-03 18:00:28	6.43	980.78	95.9	6.812	7.312	28.051	71.811	0.3482	5	327696	327701
2020-12-03 18:10:16	6.47	980.47	95.74	6.875	7.375	27.458	72.52	0.3754	5	327697	327702
2020-12-03 18:21:01	6.55	980.09	95.94	6.875	7.5	27.008	73.049	0.3384	4	262159	262163
2020-12-03 18:30:17	6.54	979.77	96.11	6.875	7.5	26.512	73.632	0.3384	4	262159	262163
2020-12-03 18:40:39	6.59	979.44	95.97	6.875	7.562	26.228	73.966	0.4026	5	327698	327703
2020-12-03 18:50:17	6.61	979.18	95.48	6.937	7.562	26.339	73.836	2.04	0	3	3
2020-12-03 19:00:23	6.62	978.96	95.7	6.937	7.562	25.703	74.828	2.04	0	3	3
2020-12-03 19:10:20	6.62	978.71	96.16	6.937	7.562	25.157	75.738	2.04	0	3	3
2020-12-03 19:20:41	6.62	978.52	95.8	6.937	7.562	24.477	76.697	2.04	0	3	3
2020-12-03 19:30:19	6.65	978.31	95.48	6.937	7.625	23.807	77.59	2.04	0	3	3
2020-12-03 19:40:20	6.69	977.93	95.55	7.0	7.625	23.408	78.123	2.72	0	4	4
2020-12-03 19:50:15	6.68	977.63	96.32	7.062	7.625	22.626	79.165	2.04	0	3	3
2020-12-03 20:00:30	6.62	977.28	96.7	7.0	7.562	22.336	79.552	2.04	0	3	3
2020-12-03 20:10:17	6.62	976.93	97.02	7.0	7.562	21.92	80.0	2.04	0	3	3
2020-12-03 20:20:15	6.68	976.63	96.79	7.0	7.625	21.554	80.0	2.04	0	3	3
2020-12-03 20:30:15	6.74	976.39	97.06	7.0	7.687	21.462	80.0	2.04	0	3	3
2020-12-03 20:40:18	6.76	976.06	96.83	7.062	7.687	21.38	80.0	2.04	0	3	3
2020-12-03 20:50:15	6.77	975.68	97.16	7.062	7.75	21.246	80.0	2.72	0	4	4
2020-12-03 21:00:14	6.74	975.29	97.35	7.062	7.687	20.936	80.0	2.72	0	4	4
2020-12-03 21:10:15	6.72	975.13	97.54	7.062	7.625	20.946	80.0	2.04	0	3	3
2020-12-03 21:20:14	6.78	974.9	97.77	7.062	7.75	20.684	80.0	2.04	0	3	3
2020-12-03 21:30:14	6.72	974.53	98.1	7.125	7.687	20.87	80.0	2.04	0	3	3
2020-12-03 21:40:16	6.77	974.18	97.83	7.062	7.687	20.584	80.0	2.04	0	3	3
2020-12-03 21:50:15	6.79	973.99	98.08	7.062	7.687	20.592	80.0	2.04	0	3	3
2020-12-03 22:00:14	6.84	973.66	97.81	7.062	7.75	21.924	80.0	2.04	0	3	3
2020-12-03 22:10:14	6.81	973.33	98.0	7.062	7.75	20.936	80.0	2.04	0	3	3
2020-12-03 22:20:14	6.85	973.05	97.76	7.062	7.75	21.396	80.0	2.04	0	3	3
2020-12-03 22:30:22	6.87	972.82	97.48	7.062	7.812	20.832	80.0	2.04	0	3	3
2020-12-03 22:40:15	6.85	972.46	97.85	7.062	7.812	21.088	80.0	2.9648	1	65541	65542
2020-12-03 22:50:15	6.9	972.25	97.03	7.125	7.812	20.242	80.0	2.04	0	3	3
2020-12-03 23:00:14	6.9	971.98	97.75	7.125	7.875	21.616	80.0	2.04	0	3	3
2020-12-03 23:10:14	6.94	971.87	97.41	7.125	7.937	21.534	80.0	2.04	0	3	3
2020-12-03 23:20:15	6.91	971.52	98.56	7.125	7.875	21.468	80.0	2.04	0	3	3
2020-12-03 23:30:14	6.89	971.2	98.75	7.125	7.812	21.322	80.0	2.04	0	3	3
2020-12-03 23:40:15	6.96	971.22	98.57	7.125	7.937	21.316	80.0	2.04	0	3	3
2020-12-03 23:50:15	7.27	971.04	94.45	7.187	8.312	21.301	80.0	2.04	0	3	3
2020-12-04 00:00:19	7.26	971.33	93.85	7.187	8.312	21.199	80.0	0.247	3	196619	196622
2020-12-04 00:10:15	7.16	970.91	94.31	7.125	8.187	21.122	80.0	0.2198	3	196618	196621
2020-12-04 00:20:13	7.13	970.5	93.14	7.062	8.125	21.154	80.0	0.9248	1	65538	65539
2020-12-04 00:30:15	7.11	970.54	91.3	7.0	8.187	21.1	80.0	0.2372	2	131082	131084
2020-12-04 00:40:14	7.08	971.0	90.86	6.937	8.125	21.141	80.0	0.2198	3	196618	196621
2020-12-04 00:50:15	7.08	971.02	90.83	7.0	8.125	21.2	80.0	0.2198	3	196618	196621
2020-12-04 01:00:15	7.07	970.9	89.31	7.0	8.062	21.035	80.0	0.2198	3	196618	196621
2020-12-04 01:10:15	7.03	971.07	89.09	7.062	8.062	21.236	80.0	0.2198	3	196618	196621
2020-12-04 01:20:15	7.05	971.09	87.63	7.125	8.062	21.064	80.0	0.2198	3	196618	196621
2020-12-04 01:30:15	7.07	971.11	86.55	7.125	8.062	21.28	80.0	0.2198	3	196618	196621
2020-12-04 01:40:15	7.06	970.96	86.12	7.187	8.062	21.243	80.0	0.2198	3	196618	196621
2020-12-04 01:50:16	7.07	971.02	84.55	7.187	8.125	21.131	80.0	0.1926	3	196617	196620
2020-12-04 02:00:26	7.02	970.85	84.21	7.187	8.0	21.131	80.0	0.2198	3	196618	196621
2020-12-04 02:10:15	6.95	971.02	84.6	7.187	7.937	21.083	80.0	0.2198	3	196618	196621
2020-12-04 02:20:15	6.99	971.33	82.08	7.125	8.0	21.29	80.0	0.247	3	196619	196622
2020-12-04 02:30:15	6.92	971.6	82.48	7.25	7.937	21.419	80.0	0.247	3	196619	196622
2020-12-04 02:40:14	6.81	971.75	82.65	7.0	7.937	20.993	80.0	0.2372	2	131082	131084
2020-12-04 02:50:14	6.88	971.76	76.25	7.125	7.875	20.86	80.0	0.2372	2	131082	131084
2020-12-04 03:00:15	6.81	971.82	73.03	7.187	7.812	21.093	80.0	0.247	3	196619	196622
2020-12-04 03:10:36	6.61	971.82	73.76	7.062	7.562	20.928	80.0	0.2198	3	196618	196621
2020-12-04 03:20:15	6.51	972.18	73.22	6.937	7.437	21.443	80.0	0.247	3	196619	196622
2020-12-04 03:30:14	6.42	972.24	74.65	7.0	7.312	21.051	80.0	0.247	3	196619	196622
2020-12-04 03:40:26	6.24	972.3	75.92	6.937	7.125	21.133	80.0	0.2198	3	196618	196621
2020-12-04 03:50:14	6.15	972.48	77.76	6.875	7.0	20.887	80.0	0.2372	2	131082	131084
2020-12-04 04:00:14	6.15	972.89	77.48	6.812	6.937	21.066	80.0	0.1926	3	196617	196620
2020-12-04 04:10:15	5.97	972.99	78.21	6.812	6.812	21.404	80.0	0.1926	3	196617	196620
2020-12-04 04:20:14	5.88	973.32	78.84	6.75	6.687	21.366	80.0	0.247	3	196619	196622
2020-12-04 04:30:14	5.66	973.13	80.69	6.437	6.5	21.346	80.0	0.247	3	196619	196622
2020-12-04 04:40:14	5.54	973.43	81.63	6.437	6.375	21.214	80.0	0.2198	3	196618	196621
2020-12-04 04:50:14	5.57	973.6	81.46	6.437	6.312	21.322	80.0	0.2198	3	196618	196621
2020-12-04 05:00:15	5.53	973.88	80.63	6.375	6.312	21.286	80.0	0.2198	3	196618	196621
2020-12-04 05:10:22	5.38	973.98	80.22	6.312	6.125	21.133	80.0	0.247	3	196619	196622
2020-12-04 05:20:14	5.01	974.22	82.11	5.812	5.687	21.19	80.0	0.2742	3	196620	196623
2020-12-04 05:30:14	5.02	974.11	83.23	5.562	5.687	21.153	80.0	0.1926	3	196617	196620
2020-12-04 05:40:15	5.05	974.11	84.09	5.5	5.687	20.839	80.0	0.2198	3	196618	196621
2020-12-04 05:50:15	5.07	974.22	83.65	5.562	5.75	21.231	80.0	0.9248	1	65538	65539
2020-12-04 06:00:14	5.08	974.09	83.35	5.687	5.812	20.998	80.0	0.2372	2	131082	131084
2020-12-04 06:10:14	5.2	974.16	82.56	5.687	5.937	20.824	80.0	0.2372	2	131082	131084
2020-12-04 06:20:15	5.23	974.14	81.33	5.75	6.0	21.16	80.0	0.9248	1	65538	65539
2020-12-04 06:30:14	5.29	974.37	81.17	5.875	6.062	21.131	80.0	0.2198	3	196618	196621
2020-12-04 06:40:26	5.29	974.33	80.59	6.0	6.062	21.134	80.0	0.2198	3	196618	196621
2020-12-04 06:50:18	5.31	974.54	79.45	6.062	6.125	21.332	80.0	0.2742	3	196620	196623
2020-12-04 07:00:19	5.29	974.73	78.89	6.062	6.062	21.086	80.0	2.04	0	3	3
2020-12-04 07:10:15	5.23	974.78	78.0	6.062	6.062	21.042	80.0	2.04	0	3	3
2020-12-04 07:20:25	5.23	975.01	76.59	6.062	6.062	21.158	80.0	1.8496	2	131076	131078
2020-12-04 07:30:16	5.18	975.14	76.15	6.125	6.0	21.294	80.0	2.04	0	3	3
2020-12-04 07:40:15	5.23	975.36	76.04	6.125	6.062	21.182	80.0	2.04	0	3	3
2020-12-04 07:50:15	5.14	975.47	75.58	6.062	6.0	21.174	80.0	2.04	0	3	3
2020-12-04 08:00:18	5.32	975.53	75.51	6.062	6.312	21.34	80.0	2.72	0	4	4
2020-12-04 08:10:50	5.53	975.78	74.27	6.125	6.312	21.198	80.0	2.9648	1	65541	65542
2020-12-04 08:20:15	5.2	975.95	75.07	6.125	6.062	21.418	80.0	3.4544	3	196615	196618
2020-12-04 08:30:28	5.19	976.0	74.19	6.125	6.062	21.35	80.0	4.8688	6	393227	393233
2020-12-04 08:40:15	5.15	976.17	73.71	6.125	6.0	21.376	80.0	21.9504	23	1507375	1507398
2020-12-04 08:50:15	5.15	976.3	73.79	6.125	6.0	21.494	80.0	42.6224	38	2490455	2490493
2020-12-04 09:00:15	5.07	976.53	72.98	6.0	5.937	21.383	80.0	47.736	70	4587635	4587705
2020-12-04 09:10:15	5.07	976.72	73.44	6.062	5.937	21.374	80.0	62.5872	89	5832853	5832942
2020-12-04 09:20:15	4.91	976.85	72.74	6.0	5.75	21.273	80.0	125.3104	223	14614855	14615078
2020-12-04 09:30:15	4.9	977.0	73.28	6.0	5.687	21.405	80.0	59.6768	91	5963922	5964013
2020-12-04 09:40:15	5.01	977.03	73.55	6.0	5.812	21.443	80.0	93.0784	158	10354926	10355084
2020-12-04 09:50:15	4.85	976.9	73.21	5.937	5.625	21.519	80.0	120.2512	194	12714285	12714479
2020-12-04 10:00:28	4.74	977.06	71.54	5.937	5.562	21.423	80.0	148.1584	233	15270255	15270488
2020-12-04 10:10:16	4.83	977.04	71.67	5.937	5.562	21.411	80.0	238.0	375	24576590	24576965
2020-12-04 10:20:15	4.93	977.22	71.42	6.0	5.687	21.152	80.0	239.632	390	25559642	25560032
2020-12-04 10:30:16	4.87	977.37	71.52	5.937	5.625	21.435	80.0	187.3264	293	19202511	19202804
2020-12-04 10:40:16	5.04	977.39	71.5	6.0	5.812	21.397	80.0	295.0112	444	29098702	29099146
2020-12-04 10:50:15	4.88	977.41	71.74	5.937	5.687	21.419	80.0	219.0144	253	16581092	16581345
2020-12-04 11:00:21	4.8	977.37	72.14	5.875	5.687	21.452	80.0	195.4864	218	14287275	14287493
2020-12-04 11:10:16	4.93	977.36	72.07	5.812	5.812	21.35	80.0	214.2544	253	16581085	16581338
2020-12-04 11:20:17	4.97	977.58	71.8	5.875	5.875	21.416	80.0	184.824	180	11796867	11797047
2020-12-04 11:30:26	4.97	977.45	71.23	5.812	5.875	21.362	80.0	213.792	240	15729108	15729348
2020-12-04 11:40:16	5.05	977.51	70.65	5.812	5.937	21.358	80.0	275.944	355	23265913	23266268
2020-12-04 11:50:16	5.14	977.26	71.31	5.875	6.125	21.4	80.0	173.6176	137	8978775	8978912
2020-12-04 12:00:15	5.23	977.37	71.46	5.937	6.25	21.397	80.0	191.9232	184	12059024	12059208
2020-12-04 12:10:26	5.26	977.24	71.01	5.875	6.312	21.4	80.0	200.8448	201	13173160	13173361
2020-12-04 12:20:16	5.2	977.32	70.1	5.937	6.187	21.371	80.0	207.4816	217	14221756	14221973
2020-12-04 12:30:16	5.34	977.3	69.91	5.937	6.375	21.411	80.0	190.4	175	11469192	11469367
2020-12-04 12:40:15	5.39	977.24	69.24	6.0	6.437	21.363	80.0	184.008	160	10486133	10486293
2020-12-04 12:50:15	5.54	977.29	68.25	6.062	6.687	21.416	80.0	187.272	165	10813821	10813986
2020-12-04 13:00:15	5.62	977.29	66.83	6.187	6.75	21.412	80.0	208.9776	212	13894075	13894287
2020-12-04 13:10:15	5.85	977.38	66.79	6.25	7.0	21.207	80.0	261.936	320	20972110	20972430
2020-12-04 13:20:15	5.74	977.51	67.92	6.25	6.812	21.415	80.0	304.232	390	25559737	25560127
2020-12-04 13:30:16	5.77	977.69	68.22	6.375	6.812	21.44	80.0	435.0096	652	42730529	42731181
2020-12-04 13:50:29	5.92	977.9	68.46	6.687	7.062	21.442	80.0	357.5712	519	34014042	34014561
2020-12-04 13:40:22	5.76	977.74	68.54	6.437	6.812	21.44	80.0	410.856	620	40633321	40633941
2020-12-04 14:00:31	5.97	978.04	66.26	6.75	7.0	21.486	80.0	371.0896	552	36176771	36177323
2020-12-04 14:10:18	5.98	978.06	64.91	6.812	7.062	21.488	80.0	439.0624	663	43451438	43452101
2020-12-04 14:20:18	6.0	977.98	65.94	6.812	7.125	21.43	80.0	324.9312	469	30737162	30737631
2020-12-04 14:30:20	6.14	978.03	66.15	6.875	7.25	21.473	80.0	468.6288	756	49546389	49547145
2020-12-04 14:40:17	6.13	978.0	66.28	7.0	7.312	21.422	80.0	251.2464	318	20841021	20841339
2020-12-04 14:50:17	6.06	978.12	66.94	6.75	7.187	21.366	80.0	226.4944	278	18219519	18219797
2020-12-04 15:00:17	6.13	978.25	67.36	6.75	7.25	21.382	80.0	336.8992	504	33030962	33031466
2020-12-04 15:10:15	6.03	978.35	67.25	6.812	7.187	21.394	80.0	204.0	275	18022876	18023151
2020-12-04 15:20:17	6.0	978.63	67.88	6.75	7.062	21.418	80.0	181.5056	272	17826233	17826505
2020-12-04 15:30:16	5.99	978.64	68.91	6.75	7.125	21.382	80.0	100.0144	153	10027253	10027406
2020-12-04 15:40:16	5.88	978.83	72.73	6.687	6.875	21.35	80.0	100.64	150	9830644	9830794
2020-12-04 15:50:15	5.74	978.99	72.31	6.25	6.812	21.333	80.0	42.6768	66	4325481	4325547
2020-12-04 16:00:16	5.77	979.12	71.32	6.25	6.812	21.343	80.0	37.944	55	3604571	3604626
2020-12-04 16:10:15	5.77	979.16	71.49	6.312	6.812	21.327	80.0	39.9024	63	4128867	4128930
2020-12-04 16:20:16	5.81	979.25	69.25	6.437	6.875	21.274	80.0	23.9088	31	2031671	2031702
2020-12-04 16:30:15	5.72	979.37	70.45	6.375	6.75	21.262	80.0	22.8208	21	1376303	1376324
2020-12-04 16:40:16	5.48	979.38	71.15	6.187	6.437	21.263	80.0	20.2912	19	1245226	1245245
2020-12-04 16:50:15	5.28	979.47	75.39	5.875	6.187	21.259	80.0	10.9072	14	917529	917543
2020-12-04 17:00:14	5.32	979.33	75.97	5.875	6.25	21.233	80.0	5.3584	8	524301	524309
2020-12-04 17:10:15	5.37	979.28	76.28	5.937	6.312	21.271	80.0	2.7744	3	196614	196617
2020-12-04 17:20:32	5.47	979.45	71.78	6.0	6.5	21.273	80.0	0.68	0	1	1
2020-12-04 17:30:15	5.5	979.54	72.81	6.187	6.5	21.179	80.0	0.3112	4	262158	262162
2020-12-04 17:40:17	5.51	979.66	73.05	6.125	6.562	21.156	80.0	0.68	0	1	1
2020-12-04 17:50:15	5.22	979.81	77.01	5.625	6.125	21.259	80.0	0.68	0	1	1
2020-12-04 18:00:28	4.82	979.95	81.36	5.625	5.5	21.127	80.0	2.72	0	4	4
2020-12-04 18:10:14	5.08	980.08	80.49	5.5	5.812	21.133	80.0	2.72	0	4	4
2020-12-04 18:20:15	4.73	980.13	83.38	5.312	5.375	21.138	80.0	2.72	0	4	4
2020-12-04 18:30:14	4.79	980.1	83.05	5.312	5.437	21.153	80.0	2.72	0	4	4
2020-12-04 18:40:15	4.72	980.08	82.98	5.375	5.25	21.14	80.0	2.72	0	4	4
2020-12-04 18:50:13	4.84	980.06	82.53	5.375	5.5	21.174	80.0	2.72	0	4	4
2020-12-04 19:00:14	4.88	980.22	83.24	5.437	5.562	21.344	80.0	2.72	0	4	4
2020-12-04 19:10:13	4.86	980.26	84.6	5.437	5.562	21.15	80.0	2.72	0	4	4
2020-12-04 19:20:15	4.86	980.38	85.84	5.437	5.562	21.527	80.0	2.72	0	4	4
2020-12-04 19:30:14	4.77	980.38	85.87	5.312	5.375	22.699	79.068	2.72	0	4	4
2020-12-04 19:40:15	4.66	980.39	85.78	5.312	5.312	23.74	77.68	2.72	0	4	4
2020-12-04 19:50:15	4.57	980.27	86.87	5.312	5.187	24.127	77.164	2.72	0	4	4
2020-12-04 20:00:16	4.96	980.46	86.18	5.25	5.875	23.743	77.675	2.72	0	4	4
2020-12-04 20:10:14	5.06	980.55	89.56	5.312	6.25	23.595	77.874	2.72	0	4	4
2020-12-04 20:20:14	4.79	980.6	84.98	5.25	5.437	20.543	80.0	2.72	0	4	4
2020-12-04 20:30:24	4.72	980.63	85.68	5.25	5.375	21.041	80.0	2.72	0	4	4
2020-12-04 20:40:14	4.61	980.73	86.55	5.312	5.187	21.229	80.0	2.04	0	3	3
2020-12-04 20:50:21	4.53	980.74	87.68	5.312	5.125	21.247	80.0	2.72	0	4	4
2020-12-04 21:00:21	4.65	980.82	87.11	5.25	5.312	21.261	80.0	2.72	0	4	4
2020-12-04 21:10:17	4.44	980.77	87.97	5.25	5.125	21.257	80.0	2.72	0	4	4
2020-12-04 21:20:21	4.56	980.96	87.81	5.25	5.25	21.293	80.0	2.04	0	3	3
2020-12-04 21:30:18	4.52	981.03	86.33	5.25	5.25	21.327	80.0	2.72	0	4	4
2020-12-04 21:40:21	4.4	981.06	84.96	5.187	5.25	21.324	80.0	0.321	5	327695	327700
2020-12-04 21:50:17	4.31	981.21	85.45	5.25	5.0	21.359	80.0	0.3036	6	393231	393237
2020-12-04 22:00:44	4.4	981.33	85.51	5.312	5.125	21.339	80.0	0.321	5	327695	327700
2020-12-04 22:10:19	4.48	981.42	85.44	5.312	5.125	21.459	80.0	0.321	5	327695	327700
2020-12-04 22:20:20	4.25	981.42	85.5	5.187	4.937	21.446	80.0	0.3112	4	262158	262162
2020-12-04 22:30:20	4.15	981.42	85.91	5.0	4.75	21.443	80.0	0.284	4	262157	262161
2020-12-04 22:40:15	3.83	981.54	86.57	4.937	4.5	21.462	80.0	0.284	4	262157	262161
2020-12-04 22:50:16	4.04	981.68	86.47	4.875	4.562	21.432	80.0	0.284	4	262157	262161
2020-12-04 23:00:20	3.99	981.81	86.65	4.937	4.562	21.452	80.0	0.3014	3	196621	196624
2020-12-04 23:10:20	3.82	981.8	87.16	4.812	4.312	21.459	80.0	0.3014	3	196621	196624
2020-12-04 23:21:07	3.52	982.02	88.58	4.75	4.125	21.425	80.0	0.3286	3	196622	196625
2020-12-04 23:30:16	3.7	982.04	87.87	4.812	4.187	21.441	80.0	0.3286	3	196622	196625
2020-12-04 23:40:26	3.86	982.08	86.89	4.875	4.312	21.45	80.0	0.284	4	262157	262161
2020-12-04 23:50:15	3.45	982.07	88.45	4.875	4.0	21.446	80.0	0.3286	3	196622	196625
2020-12-05 00:00:20	3.64	982.25	88.02	4.812	4.125	21.427	80.0	0.3286	3	196622	196625
2020-12-05 00:10:18	3.63	982.32	87.57	4.812	4.125	21.447	80.0	0.3384	4	262159	262163
2020-12-05 00:20:17	3.58	982.45	87.51	4.625	4.125	21.42	80.0	0.3112	4	262158	262162
2020-12-05 00:30:21	3.59	982.6	87.34	4.5	4.125	21.431	80.0	0.3112	4	262158	262162
2020-12-05 00:40:19	3.34	982.64	88.41	4.625	3.875	21.446	80.0	0.3112	4	262158	262162
2020-12-05 00:50:29	3.34	982.86	88.05	4.562	3.937	21.418	80.0	2.04	0	3	3
2020-12-05 01:00:25	3.44	982.94	87.8	4.625	4.0	21.422	80.0	2.04	0	3	3
2020-12-05 01:10:17	3.42	983.08	87.93	4.562	4.062	21.384	80.0	2.04	0	3	3
2020-12-05 01:20:14	3.47	983.11	88.22	4.687	4.062	21.237	80.0	2.04	0	3	3
2020-12-05 01:30:25	3.3	983.1	88.47	4.75	4.0	21.194	80.0	2.72	0	4	4
2020-12-05 01:40:15	3.5	983.2	87.35	4.687	4.125	21.07	80.0	2.04	0	3	3
2020-12-05 01:50:17	3.44	983.27	87.16	4.687	4.125	20.787	80.0	2.04	0	3	3
2020-12-05 02:00:16	3.45	983.28	87.43	4.75	4.125	20.698	80.0	0.3112	4	262158	262162
2020-12-05 02:10:17	3.39	983.35	87.6	4.75	4.062	20.273	80.0	0.3112	4	262158	262162
2020-12-05 02:20:15	3.42	983.47	87.38	4.687	4.125	20.427	80.0	0.3112	4	262158	262162
2020-12-05 02:30:18	3.36	983.46	87.65	4.687	4.0	20.028	80.0	0.284	4	262157	262161
2020-12-05 02:40:20	3.32	983.52	88.0	4.5	3.937	20.049	80.0	0.2198	3	196618	196621
2020-12-05 02:50:20	3.38	983.7	87.72	4.25	3.937	24.087	77.217	0.2198	3	196618	196621
2020-12-05 03:00:18	3.28	983.72	87.42	4.25	4.0	24.135	77.154	0.2198	3	196618	196621
2020-12-05 03:10:39	3.32	983.84	87.49	4.437	4.0	24.125	77.167	0.2198	3	196618	196621
2020-12-05 03:20:17	3.29	983.96	87.38	4.5	4.0	24.114	77.182	0.2198	3	196618	196621
2020-12-05 03:30:19	3.2	983.91	88.01	4.5	3.875	20.332	80.0	0.2198	3	196618	196621
2020-12-05 03:40:22	3.24	983.82	87.44	4.5	3.937	20.545	80.0	0.2198	3	196618	196621
2020-12-05 03:50:18	3.21	984.05	87.04	4.5	3.812	20.687	80.0	0.247	3	196619	196622
2020-12-05 04:00:25	2.97	984.25	87.13	4.437	3.625	21.086	80.0	0.2198	3	196618	196621
2020-12-05 04:10:17	3.24	984.14	86.59	4.437	3.812	21.214	80.0	0.2198	3	196618	196621
2020-12-05 04:20:19	2.93	984.11	87.5	4.562	3.625	21.318	80.0	0.247	3	196619	196622
2020-12-05 04:30:15	2.99	984.18	87.58	4.562	3.562	21.334	80.0	0.247	3	196619	196622
2020-12-05 04:40:25	3.12	984.34	86.29	4.437	3.75	21.381	80.0	0.2198	3	196618	196621
2020-12-05 04:50:34	2.94	984.39	86.28	4.375	3.625	21.431	80.0	0.2198	3	196618	196621
2020-12-05 05:00:22	2.95	984.4	86.52	4.375	3.625	21.411	80.0	0.2198	3	196618	196621
2020-12-05 05:10:17	3.07	984.53	86.44	4.437	3.687	21.26	80.0	0.2198	3	196618	196621
2020-12-05 05:20:22	3.06	984.64	87.38	4.375	3.75	21.377	80.0	0.247	3	196619	196622
2020-12-05 05:30:15	2.98	984.99	87.67	4.375	3.625	21.353	80.0	0.2742	3	196620	196623
2020-12-05 05:40:22	2.95	985.11	87.27	4.312	3.625	21.327	80.0	0.247	3	196619	196622
2020-12-05 05:50:15	2.98	985.11	86.47	4.375	3.687	21.305	80.0	0.284	4	262157	262161
2020-12-05 06:00:15	2.99	985.29	86.52	4.375	3.687	21.239	80.0	0.2742	3	196620	196623
2020-12-05 06:10:19	3.17	985.4	85.91	4.437	3.875	20.929	80.0	0.2742	3	196620	196623
2020-12-05 06:20:22	3.21	985.46	85.61	4.5	3.875	21.047	80.0	0.2742	3	196620	196623
2020-12-05 06:30:22	3.32	985.49	85.54	4.5	4.062	20.822	80.0	0.247	3	196619	196622
2020-12-05 06:40:20	3.16	985.69	85.97	4.5	3.875	20.794	80.0	0.247	3	196619	196622
2020-12-05 06:50:15	3.13	985.75	86.5	4.5	3.875	20.79	80.0	0.247	3	196619	196622
2020-12-05 07:00:36	3.25	985.96	85.99	4.5	4.0	20.699	80.0	2.04	0	3	3
2020-12-05 07:10:19	3.36	986.1	85.53	4.5	4.187	20.647	80.0	2.04	0	3	3
2020-12-05 07:20:17	3.23	986.18	85.57	4.5	4.0	20.563	80.0	2.72	0	4	4
2020-12-05 07:30:20	3.33	986.27	84.46	4.5	4.062	20.223	80.0	2.5296	2	131077	131079
2020-12-05 07:40:17	3.39	986.5	84.14	4.5	4.187	20.155	80.0	2.04	0	3	3
2020-12-05 07:50:15	3.43	986.58	84.28	4.562	4.25	20.081	80.0	2.04	0	3	3
2020-12-05 08:00:23	3.42	986.65	84.43	4.562	4.187	19.99	80.0	2.72	0	4	4
2020-12-05 08:10:18	3.46	986.75	85.18	4.562	4.312	19.988	80.0	2.9648	1	65541	65542
2020-12-05 08:20:17	3.64	986.88	83.99	4.562	4.5	23.652	77.797	3.6992	4	262152	262156
2020-12-05 08:30:28	4.65	986.83	91.25	4.625	6.437	23.743	77.676	9.5472	14	917527	917541
2020-12-05 08:40:22	4.48	987.08	87.85	4.625	5.875	23.344	78.208	24.5072	39	2555965	2556004
2020-12-05 08:50:17	3.91	987.15	83.22	4.687	5.0	23.229	78.361	32.5856	47	3080270	3080317
2020-12-05 09:00:16	3.62	987.15	84.77	4.687	4.437	23.18	78.427	33.7008	46	3014735	3014781
2020-12-05 09:10:51	3.96	987.19	90.29	4.687	5.312	22.825	78.9	52.0608	71	4653178	4653249
2020-12-05 09:20:18	3.7	987.29	83.86	4.687	4.562	23.144	78.475	54.9984	83	5439622	5439705
2020-12-05 09:30:22	3.75	987.54	83.25	4.75	4.625	22.836	78.886	60.6016	92	6029460	6029552
2020-12-05 09:40:17	3.72	987.65	81.21	4.75	4.625	23.128	78.495	78.5536	107	7012536	7012643
2020-12-05 09:50:15	3.74	987.61	80.51	4.812	4.625	23.169	78.442	89.216	120	7864528	7864648
2020-12-05 10:00:21	3.81	987.63	79.84	4.875	4.625	23.191	78.411	155.8832	234	15335803	15336037
2020-12-05 10:10:20	3.93	987.73	79.65	4.937	4.812	23.23	78.36	137.088	210	13762896	13763106
2020-12-05 10:20:17	3.94	987.68	79.59	5.062	4.812	23.678	77.763	223.3664	343	22479396	22479739
2020-12-05 10:30:19	4.08	987.54	79.19	5.125	4.937	23.764	77.648	330.888	510	33424173	33424683
2020-12-05 10:40:17	4.07	987.42	79.02	5.187	5.0	19.954	80.0	268.872	365	23921269	23921634
2020-12-05 10:50:17	4.18	987.59	79.3	5.062	5.125	23.652	77.798	331.3504	473	30999318	30999791
2020-12-05 11:00:14	4.32	987.57	79.44	5.25	5.25	20.146	80.0	391.8704	598	39191487	39192085
2020-12-05 11:10:17	4.4	987.46	79.52	5.437	5.375	20.289	80.0	385.3152	574	37618598	37619172
2020-12-05 11:20:16	4.36	987.47	80.34	5.375	5.312	20.344	80.0	400.3024	613	40174549	40175162
2020-12-05 11:30:19	4.54	987.27	78.94	5.562	5.437	20.423	80.0	418.3088	606	39715819	39716425
2020-12-05 11:40:17	4.79	987.23	77.96	5.875	5.75	20.414	80.0	498.5216	742	48628920	48629662
2020-12-05 11:50:17	4.75	987.17	78.26	5.937	5.812	20.85	80.0	352.4848	526	34472791	34473317
2020-12-05 12:00:15	4.76	987.11	77.36	5.812	5.687	20.847	80.0	270.3136	382	25035394	25035776
2020-12-05 12:10:15	4.78	986.89	77.07	5.812	5.75	20.246	80.0	296.0176	437	28639947	28640384
2020-12-05 12:20:18	4.76	986.91	77.41	5.812	5.75	20.278	80.0	248.1184	358	23462482	23462840
2020-12-05 12:30:15	4.87	986.77	77.36	5.75	6.0	20.617	80.0	254.7552	374	24511078	24511452
2020-12-05 12:40:15	4.86	986.81	77.95	5.812	5.937	20.679	80.0	266.6416	392	25690755	25691147
2020-12-05 12:50:15	4.87	986.83	77.82	5.75	5.875	20.709	80.0	219.096	295	19333631	19333926
2020-12-05 13:00:16	4.95	986.81	78.01	5.812	6.0	20.743	80.0	259.8688	381	24969841	24970222
2020-12-05 13:10:18	4.95	986.81	77.89	5.75	6.062	20.701	80.0	141.0048	201	13173072	13173273
2020-12-05 13:20:15	4.96	986.68	77.83	5.687	6.0	20.727	80.0	215.5872	314	20578822	20579136
2020-12-05 13:30:14	5.08	986.63	78.27	5.75	6.187	20.677	80.0	258.0192	379	24838766	24839145
2020-12-05 13:40:15	5.39	986.64	77.89	6.0	6.75	20.726	80.0	269.1168	391	25625222	25625613
2020-12-05 13:50:15	5.25	986.68	77.77	6.0	6.437	20.736	80.0	244.4192	354	23200330	23200684
2020-12-05 14:00:16	5.26	986.57	76.49	6.0	6.375	20.726	80.0	123.2704	173	11338020	11338193
2020-12-05 14:10:18	5.26	986.73	76.99	5.937	6.437	20.668	80.0	103.1152	149	9765111	9765260
2020-12-05 14:20:16	5.33	986.68	76.38	5.875	6.5	20.608	80.0	122.1552	149	9765139	9765288
2020-12-05 14:30:14	5.4	986.56	74.98	5.875	6.562	20.614	80.0	69.088	85	5570716	5570801
2020-12-05 14:40:16	5.43	986.6	76.03	5.875	6.562	20.31	80.0	72.5968	91	5963941	5964032
2020-12-05 14:50:15	5.33	986.68	77.16	5.875	6.5	20.546	80.0	83.368	110	7209153	7209263
2020-12-05 15:00:15	5.41	986.79	77.22	5.875	6.562	20.255	80.0	54.8352	74	4849792	4849866
2020-12-05 15:10:15	5.41	986.84	76.92	5.875	6.562	20.243	80.0	61.9072	89	5832852	5832941
2020-12-05 15:20:16	5.52	986.79	75.53	5.875	6.625	20.263	80.0	133.6608	196	12845378	12845574
2020-12-05 15:30:15	5.52	986.9	75.33	5.937	6.687	20.249	80.0	106.76	150	9830653	9830803
2020-12-05 15:40:17	5.55	986.93	74.72	5.937	6.687	20.253	80.0	91.12	125	8192214	8192339
2020-12-05 16:00:29	5.66	986.97	73.18	5.937	6.75	20.233	80.0	61.4176	87	5701778	5701865
2020-12-05 15:50:16	5.62	987.0	74.35	5.937	6.75	20.229	80.0	55.6784	83	5439623	5439706
2020-12-05 16:10:30	5.68	986.96	73.87	5.937	6.812	20.273	80.0	56.1136	82	5374087	5374169
2020-12-05 16:20:14	5.58	987.05	74.04	5.937	6.75	20.251	80.0	44.8256	72	4718704	4718776
2020-12-05 16:30:15	5.62	987.17	73.56	5.875	6.75	20.255	80.0	28.696	45	2949191	2949236
2020-12-05 16:40:15	5.61	987.11	73.58	5.937	6.75	20.227	80.0	13.6816	17	1114143	1114160
2020-12-05 16:50:15	5.61	987.13	73.86	5.875	6.75	20.255	80.0	7.5888	6	393231	393237
2020-12-05 17:00:15	5.61	987.07	74.09	5.875	6.75	20.346	80.0	3.4544	3	196615	196618
2020-12-05 17:10:14	5.51	987.11	75.1	5.812	6.562	20.244	80.0	2.9648	1	65541	65542
2020-12-05 17:20:15	5.46	987.19	76.74	5.75	6.562	20.358	80.0	1.6048	1	65539	65540
2020-12-05 17:30:14	5.42	987.17	77.1	5.687	6.5	20.585	80.0	2.72	0	4	4
2020-12-05 17:40:15	5.37	987.24	78.51	5.562	6.375	20.688	80.0	2.72	0	4	4
2020-12-05 17:50:15	5.33	987.43	78.67	5.5	6.375	20.718	80.0	2.72	0	4	4
2020-12-05 18:00:17	5.29	987.42	79.04	5.5	6.312	20.72	80.0	2.04	0	3	3
2020-12-05 18:10:14	5.29	987.52	78.82	5.5	6.312	20.708	80.0	2.72	0	4	4
2020-12-05 18:20:15	5.21	987.63	80.73	5.5	6.187	20.742	80.0	2.72	0	4	4
2020-12-05 18:30:15	5.15	987.77	81.0	5.375	6.125	20.765	80.0	2.72	0	4	4
2020-12-05 18:40:27	5.09	987.8	82.08	5.312	6.125	20.86	80.0	2.04	0	3	3
2020-12-05 18:50:15	5.11	987.82	82.96	5.25	6.062	20.834	80.0	2.72	0	4	4
2020-12-05 19:00:31	5.12	987.89	83.15	5.25	6.062	20.822	80.0	2.72	0	4	4
2020-12-05 19:10:26	5.13	988.05	83.09	5.312	6.062	20.828	80.0	2.04	0	3	3
2020-12-05 19:20:25	5.11	988.06	83.81	5.25	6.062	20.826	80.0	2.72	0	4	4
2020-12-05 19:30:29	5.13	988.0	82.94	5.312	6.062	20.844	80.0	2.72	0	4	4
2020-12-05 19:40:27	5.17	988.03	81.01	5.312	6.125	20.793	80.0	2.72	0	4	4
2020-12-05 19:50:37	6.36	988.07	80.91	5.375	8.187	20.835	80.0	2.04	0	3	3
2020-12-05 20:00:16	5.24	988.04	80.19	5.375	6.187	20.813	80.0	2.04	0	3	3
2020-12-05 20:10:15	5.27	988.13	79.42	5.437	6.25	20.825	80.0	2.04	0	3	3
2020-12-05 20:20:14	5.3	988.25	79.37	5.5	6.312	20.752	80.0	2.04	0	3	3
2020-12-05 20:30:25	5.32	988.25	79.08	5.562	6.375	20.732	80.0	2.04	0	3	3
2020-12-05 20:40:14	5.35	988.23	79.25	5.625	6.375	20.728	80.0	2.04	0	3	3
2020-12-05 20:50:14	5.32	988.14	79.3	5.625	6.375	20.639	80.0	2.04	0	3	3
2020-12-05 21:00:14	5.35	988.24	78.84	5.687	6.375	20.497	80.0	2.04	0	3	3
2020-12-05 21:10:14	5.41	988.25	78.47	5.75	6.437	20.238	80.0	2.04	0	3	3
2020-12-05 21:20:15	5.39	988.22	78.06	5.812	6.437	20.476	80.0	2.04	0	3	3
2020-12-05 21:30:15	5.52	988.27	77.57	5.812	6.562	20.404	80.0	2.2848	1	65540	65541
2020-12-05 21:40:15	5.42	988.4	78.06	5.812	6.437	20.001	80.0	2.04	0	3	3
2020-12-05 21:50:15	5.46	988.54	78.18	5.812	6.5	23.55	77.934	2.04	0	3	3
2020-12-05 22:00:15	5.45	988.57	77.93	5.812	6.5	23.418	78.109	2.04	0	3	3
2020-12-05 22:10:14	5.46	988.59	78.35	5.812	6.5	23.22	78.373	2.04	0	3	3
2020-12-05 22:20:14	5.45	988.65	77.79	5.812	6.437	22.855	78.86	2.72	0	4	4
2020-12-05 22:30:15	5.43	988.7	77.68	5.812	6.437	22.805	78.926	2.04	0	3	3
2020-12-05 22:40:22	5.47	988.83	77.32	5.812	6.5	22.795	78.94	2.04	0	3	3
2020-12-05 22:50:15	5.43	988.82	77.31	5.875	6.437	22.8	78.934	2.04	0	3	3
2020-12-05 23:00:14	5.43	988.8	77.68	5.875	6.437	22.79	78.947	2.04	0	3	3
2020-12-05 23:20:29	5.51	989.1	77.15	5.875	6.562	22.79	78.947	2.04	0	3	3
2020-12-05 23:10:15	5.48	988.95	76.98	5.875	6.5	22.75	79.0	2.04	0	3	3
2020-12-05 23:30:30	5.5	989.16	76.86	5.875	6.5	22.774	78.968	2.04	0	3	3
2020-12-05 23:40:14	5.52	989.15	76.86	5.937	6.562	22.76	78.986	2.04	0	3	3
2020-12-05 23:50:14	5.54	989.16	77.0	5.937	6.562	22.796	78.938	2.04	0	3	3
2020-12-06 00:00:28	5.51	989.26	76.57	5.937	6.5	22.77	78.973	0.3384	4	262159	262163
2020-12-06 00:10:15	5.43	989.23	77.13	5.937	6.437	22.792	78.943	0.3656	4	262160	262164
2020-12-06 00:20:15	5.24	989.16	77.68	5.875	6.125	22.766	78.979	0.3384	4	262159	262163
2020-12-06 00:30:49	5.19	989.12	77.77	5.812	6.125	22.795	78.94	0.3384	4	262159	262163
2020-12-06 00:40:14	5.13	989.13	77.91	5.812	6.0	22.821	78.905	0.3112	4	262158	262162
2020-12-06 00:50:15	4.93	989.16	83.15	5.5	5.625	22.812	78.917	0.3112	4	262158	262162
2020-12-06 01:00:14	4.89	989.23	84.45	5.375	5.562	23.264	78.315	0.3112	4	262158	262162
2020-12-06 01:10:15	4.91	989.27	84.85	5.312	5.625	19.983	80.0	0.3112	4	262158	262162
2020-12-06 01:20:40	4.6	989.28	86.63	5.25	5.25	19.981	80.0	0.3112	4	262158	262162
2020-12-06 01:30:14	4.78	989.25	85.56	5.187	5.5	19.952	80.0	0.3286	3	196622	196625
2020-12-06 01:40:14	4.65	989.27	84.57	5.125	5.5	22.502	79.331	0.3286	3	196622	196625
2020-12-06 01:50:15	4.55	989.28	83.6	5.062	5.312	20.283	80.0	0.9781	36	2359355	2359391
2020-12-06 02:00:14	4.64	989.16	83.5	5.062	5.312	20.474	80.0	0.3286	3	196622	196625
2020-12-06 02:10:42	4.47	989.38	83.45	5.062	5.187	20.185	80.0	0.68	0	1	1
2020-12-06 02:20:15	4.45	989.5	83.33	5.062	5.125	20.715	80.0	0.3014	3	196621	196624
2020-12-06 02:30:14	4.39	989.71	82.74	5.062	5.062	20.701	80.0	0.3558	3	196623	196626
2020-12-06 02:40:14	4.41	989.86	82.47	5.062	5.062	20.783	80.0	0.3558	3	196623	196626
2020-12-06 02:50:14	4.28	990.01	81.76	5.0	4.937	20.809	80.0	0.3112	4	262158	262162
2020-12-06 03:00:14	4.11	990.02	81.5	5.0	4.812	20.817	80.0	0.3286	3	196622	196625
2020-12-06 03:10:40	4.06	990.19	81.48	4.937	4.625	20.794	80.0	0.247	3	196619	196622
2020-12-06 03:20:18	3.94	990.08	80.94	4.937	4.562	20.904	80.0	1.6048	1	65539	65540
2020-12-06 03:30:14	3.97	990.11	80.59	4.937	4.5	21.091	80.0	0.247	3	196619	196622
2020-12-06 03:40:14	3.99	990.09	80.22	4.937	4.562	21.068	80.0	0.247	3	196619	196622
2020-12-06 03:50:14	3.9	990.07	80.27	5.0	4.5	20.95	80.0	1.6048	1	65539	65540
2020-12-06 04:00:14	3.96	990.06	79.9	5.062	4.562	21.186	80.0	0.247	3	196619	196622
2020-12-06 04:10:14	3.97	989.96	79.75	5.062	4.562	20.991	80.0	0.247	3	196619	196622
2020-12-06 04:20:48	4.0	990.08	79.62	5.062	4.625	21.228	80.0	0.247	3	196619	196622
2020-12-06 04:30:14	3.97	990.1	79.81	5.062	4.625	21.11	80.0	0.247	3	196619	196622
2020-12-06 04:40:14	3.94	990.13	79.7	5.062	4.562	20.987	80.0	0.247	3	196619	196622
2020-12-06 04:50:15	3.95	990.17	80.08	5.062	4.562	21.01	80.0	0.2198	3	196618	196621
2020-12-06 05:00:14	4.03	990.23	80.07	4.937	4.625	20.99	80.0	0.2198	3	196618	196621
2020-12-06 05:10:14	4.0	990.36	80.75	5.0	4.687	21.178	80.0	0.2198	3	196618	196621
2020-12-06 05:20:13	3.99	990.27	80.89	5.0	4.687	21.193	80.0	0.2198	3	196618	196621
2020-12-06 05:30:14	4.05	990.36	80.96	5.062	4.812	21.178	80.0	0.247	3	196619	196622
2020-12-06 05:40:14	4.16	990.42	80.74	5.125	4.937	21.029	80.0	0.247	3	196619	196622
2020-12-06 05:50:14	4.16	990.37	80.61	5.187	4.937	21.055	80.0	0.2742	3	196620	196623
2020-12-06 06:00:14	4.23	990.4	80.31	5.187	5.0	21.157	80.0	0.247	3	196619	196622
2020-12-06 06:10:14	4.36	990.34	80.95	5.25	5.062	21.119	80.0	0.247	3	196619	196622
2020-12-06 06:20:13	4.33	990.38	80.74	5.25	5.125	21.273	80.0	0.247	3	196619	196622
2020-12-06 06:30:14	4.4	990.44	80.64	5.312	5.125	21.148	80.0	0.247	3	196619	196622
2020-12-06 06:40:15	4.34	990.46	80.39	5.312	5.062	21.181	80.0	0.247	3	196619	196622
2020-12-06 06:50:14	4.35	990.63	80.34	5.312	5.062	21.161	80.0	0.2742	3	196620	196623
2020-12-06 07:00:27	4.26	990.72	80.48	5.312	4.937	21.08	80.0	2.04	0	3	3
2020-12-06 07:10:14	4.28	990.77	79.88	5.25	4.937	21.061	80.0	2.5296	2	131077	131079
2020-12-06 07:20:14	4.36	990.74	80.12	5.25	5.0	21.101	80.0	2.72	0	4	4
2020-12-06 07:30:15	4.42	990.89	80.02	5.25	5.125	21.061	80.0	2.04	0	3	3
2020-12-06 07:40:14	4.2	990.94	80.58	5.25	4.812	21.041	80.0	2.04	0	3	3
2020-12-06 07:50:14	4.3	991.09	80.6	5.25	4.937	21.028	80.0	2.04	0	3	3
2020-12-06 08:00:15	4.1	991.05	81.2	5.187	4.625	21.039	80.0	2.72	0	4	4
2020-12-06 08:10:15	4.41	991.07	85.4	5.187	5.437	21.043	80.0	2.9648	1	65541	65542
2020-12-06 08:20:14	4.15	991.23	81.24	5.187	4.625	21.023	80.0	3.6992	4	262152	262156
2020-12-06 08:30:27	4.15	991.36	82.76	5.062	4.625	21.036	80.0	6.4736	7	458766	458773
2020-12-06 08:40:15	3.96	991.48	83.1	5.0	4.375	21.024	80.0	14.7152	24	1572901	1572925
2020-12-06 08:50:14	4.0	991.46	84.03	5.0	4.437	21.032	80.0	51.544	105	6881423	6881528
2020-12-06 09:00:15	3.88	991.56	84.4	5.0	4.187	21.0	80.0	71.6176	137	8978625	8978762
2020-12-06 09:10:15	3.93	991.5	84.38	5.0	4.312	21.01	80.0	78.1728	136	8913098	8913234
2020-12-06 09:20:15	3.91	991.48	83.8	5.125	4.25	21.009	80.0	113.9952	174	11403543	11403717
2020-12-06 09:30:14	4.0	991.53	83.25	5.125	4.437	21.013	80.0	135.0752	199	13041990	13042189
2020-12-06 09:40:16	4.53	991.7	82.32	5.25	5.187	21.041	80.0	188.5504	298	19530196	19530494
2020-12-06 09:50:15	4.25	991.7	83.51	5.437	4.687	21.017	80.0	193.2016	292	19136983	19137275
2020-12-06 10:00:15	4.19	991.78	83.38	5.5	4.625	21.005	80.0	228.0176	337	22086183	22086520
2020-12-06 10:10:14	4.14	991.77	84.17	5.562	4.625	21.055	80.0	195.0784	283	18547156	18547439
2020-12-06 10:20:14	4.12	991.93	83.97	5.562	4.687	21.071	80.0	107.8752	149	9765118	9765267
2020-12-06 10:30:16	4.51	992.01	83.0	5.562	5.5	21.053	80.0	126.2896	177	11600171	11600348
2020-12-06 10:40:16	4.23	992.05	83.37	5.562	4.75	21.025	80.0	154.0608	221	14483824	14484045
2020-12-06 10:50:16	4.31	992.08	82.81	5.562	4.75	20.987	80.0	266.0432	409	26804877	26805286
2020-12-06 11:00:14	4.65	991.98	81.7	5.875	5.25	20.985	80.0	381.616	570	37356446	37357016
2020-12-06 11:10:15	4.87	992.03	80.8	6.0	5.5	20.97	80.0	247.6288	356	23331408	23331764
2020-12-06 11:20:15	4.49	992.11	81.65	5.875	4.937	20.981	80.0	237.5376	337	22086197	22086534
2020-12-06 11:30:14	4.77	992.1	81.15	5.937	5.437	20.952	80.0	203.2928	286	18743778	18744064
2020-12-06 11:40:15	4.75	992.09	81.25	5.937	5.375	20.958	80.0	191.216	270	17695174	17695444
2020-12-06 11:50:15	4.8	992.04	81.0	5.937	5.5	20.936	80.0	191.5968	266	17433028	17433294
2020-12-06 12:00:15	4.91	992.0	81.02	6.062	5.812	20.982	80.0	324.6048	476	31195918	31196394
2020-12-06 12:10:15	4.92	992.01	80.34	6.25	5.625	21.021	80.0	438.328	660	43254827	43255487
2020-12-06 12:20:15	5.21	992.07	79.15	6.312	6.187	21.042	80.0	435.608	660	43254823	43255483
2020-12-06 12:30:15	5.35	992.05	79.26	6.375	6.187	21.068	80.0	484.6224	738	48366753	48367491
2020-12-06 12:40:14	5.49	992.06	78.43	6.5	6.25	21.067	80.0	466.5344	703	46072944	46073647
2020-12-06 12:50:15	5.26	991.99	79.38	6.562	6.062	21.251	80.0	447.6304	673	44106817	44107490
2020-12-06 13:00:14	5.61	992.0	78.13	6.625	6.25	21.051	80.0	538.7232	834	54658350	54659184
2020-12-06 13:10:14	5.6	992.1	77.6	6.937	6.375	21.199	80.0	505.7568	791	51840226	51841017
2020-12-06 13:20:14	5.48	992.18	78.01	7.187	6.25	21.061	80.0	464.6848	726	47580284	47581010
2020-12-06 13:30:14	5.5	992.08	78.01	7.187	6.25	21.133	80.0	450.84	700	45876311	45877011
2020-12-06 13:40:15	5.82	992.14	77.49	7.25	6.625	21.095	80.0	563.1216	892	58459511	58460403
2020-12-06 13:50:15	5.86	992.15	77.15	7.437	6.625	21.168	80.0	613.36	975	63899126	63900101
2020-12-06 14:00:14	5.89	992.0	77.57	7.687	6.75	21.161	80.0	497.8688	756	49546432	49547188
2020-12-06 14:10:14	5.93	992.07	77.44	7.625	6.875	21.249	80.0	457.9664	668	43779149	43779817
2020-12-06 14:20:14	5.72	992.0	78.27	7.375	6.875	21.264	80.0	390.8912	569	37290923	37291492
2020-12-06 14:30:14	5.71	992.07	78.35	7.25	6.875	21.427	80.0	473.7968	691	45286515	45287206
2020-12-06 14:40:14	5.75	992.06	78.26	7.0	6.812	21.126	80.0	265.4992	329	21561945	21562274
2020-12-06 14:50:14	5.69	992.24	78.8	6.812	6.625	21.05	80.0	353.3824	513	33620816	33621329
2020-12-06 15:00:15	5.65	992.17	79.43	6.75	6.625	21.232	80.0	236.1504	298	19530266	19530564
2020-12-06 15:10:15	5.52	992.06	80.12	6.5	6.437	21.049	80.0	171.8496	177	11600238	11600415
2020-12-06 15:20:21	5.79	992.25	79.52	6.312	6.937	21.098	80.0	208.3792	279	18285029	18285308
2020-12-06 15:30:16	6.38	992.26	79.09	6.375	8.0	20.852	80.0	230.384	355	23265846	23266201
2020-12-06 15:40:14	5.59	992.26	80.41	6.562	6.625	20.755	80.0	196.2208	296	19399134	19399430
2020-12-06 15:50:14	5.63	992.32	80.73	6.562	6.562	20.759	80.0	135.184	180	11796794	11796974
2020-12-06 16:00:14	5.62	992.44	80.74	6.437	6.562	20.567	80.0	75.2352	74	4849822	4849896
2020-12-06 16:10:14	5.55	992.46	81.71	6.375	6.437	20.59	80.0	68.4896	77	5046422	5046499
2020-12-06 16:20:14	5.51	992.32	81.6	6.312	6.375	20.222	80.0	76.4864	118	7733436	7733554
2020-12-06 16:30:14	5.48	992.41	81.51	6.25	6.375	20.066	80.0	59.296	95	6226068	6226163
2020-12-06 16:40:14	5.59	992.45	81.21	6.25	6.625	20.082	80.0	54.4	125	8192160	8192285
2020-12-06 16:50:14	5.48	992.49	81.41	6.187	6.375	23.725	77.699	31.824	105	6881394	6881499
2020-12-06 17:00:15	5.39	992.58	82.53	6.125	6.25	22.844	78.875	10.5264	43	2818091	2818134
2020-12-06 17:10:14	5.39	992.53	82.85	6.0	6.25	22.737	79.017	4.4336	7	458763	458770
2020-12-06 17:20:14	5.37	992.58	82.93	5.812	6.375	21.885	80.0	0.9248	1	65538	65539
2020-12-06 17:30:16	5.37	992.68	82.98	5.75	6.437	21.867	80.0	0.68	0	1	1
2020-12-06 17:40:16	5.47	992.64	83.38	5.812	6.437	21.715	80.0	0.3754	5	327697	327702
2020-12-06 17:50:14	5.27	992.73	83.01	5.812	6.125	21.741	80.0	0.3754	5	327697	327702
2020-12-06 18:00:28	5.17	992.78	83.31	5.875	6.062	21.61	80.0	2.72	0	4	4
2020-12-06 18:10:19	5.16	992.8	83.65	5.812	6.0	22.781	78.958	2.04	0	3	3
2020-12-06 18:20:15	5.04	992.84	84.15	5.625	5.75	20.22	80.0	2.04	0	3	3
2020-12-06 18:30:14	4.95	993.02	83.22	5.5	6.0	20.291	80.0	2.9648	1	65541	65542
2020-12-06 18:40:15	4.87	993.12	83.09	5.5	5.812	20.442	80.0	2.9648	1	65541	65542
2020-12-06 18:50:27	5.03	993.38	83.89	5.562	6.187	20.824	80.0	2.9648	1	65541	65542
2020-12-06 19:00:23	4.81	993.37	82.88	5.625	6.187	20.856	80.0	3.6448	1	65542	65543
2020-12-06 19:10:15	5.12	993.42	83.46	5.625	5.687	20.285	80.0	2.9648	1	65541	65542
2020-12-06 19:20:14	4.95	993.63	83.2	5.625	6.187	20.214	80.0	2.04	0	3	3
2020-12-06 19:30:14	4.84	993.79	86.43	5.625	6.125	20.218	80.0	2.9648	1	65541	65542
2020-12-06 19:40:15	5.47	993.78	84.12	5.687	7.812	20.224	80.0	2.9648	1	65541	65542
2020-12-06 19:50:15	4.76	993.75	83.38	5.687	5.437	20.214	80.0	2.9648	1	65541	65542
