2022-06-01 00:00:18	-146.46	760.18	35.48	17.25	16.25	77.509	12.789	0.0914	1	65540	65541
2022-06-01 00:10:13	-146.46	760.01	35.68	17.187	16.187	77.55	12.733	0.0914	1	65540	65541
2022-06-01 00:30:14	-146.46	760.63	36.27	17.0	15.937	77.628	12.63	0.0914	1	65540	65541
2022-06-01 00:40:13	-146.46	760.66	36.69	17.0	16.125	77.541	12.745	0.0914	1	65540	65541
2022-06-01 00:50:13	-146.46	759.99	35.84	16.937	16.375	77.566	12.712	0.0914	1	65540	65541
2022-06-01 01:00:14	-146.46	760.62	36.85	16.875	15.937	77.653	12.596	0.0914	1	65540	65541
2022-06-01 01:10:14	-146.46	760.82	36.82	16.75	15.687	77.643	12.609	0.0914	1	65540	65541
2022-06-01 01:20:14	-146.46	761.4	37.6	16.562	15.5	77.604	12.661	0.0642	1	65539	65540
2022-06-01 01:30:15	-146.46	761.32	37.66	16.437	15.375	77.598	12.669	0.0914	1	65540	65541
2022-06-01 01:40:14	-146.46	761.15	37.67	16.437	15.437	77.525	12.766	0.0914	1	65540	65541
2022-06-01 01:50:14	-146.46	761.66	38.41	16.312	15.187	77.466	12.845	0.0914	1	65540	65541
2022-06-01 02:00:14	-146.46	761.08	37.9	16.375	15.5	77.577	12.698	0.0914	1	65540	65541
2022-06-01 02:10:13	-146.46	760.63	37.55	16.437	15.937	77.55	12.733	0.0914	1	65540	65541
2022-06-01 02:20:13	-146.46	761.25	38.16	16.375	15.562	77.553	12.729	0.0914	1	65540	65541
2022-06-01 02:30:22	-146.46	761.06	38.27	16.312	15.437	77.573	12.703	0.0914	1	65540	65541
2022-06-01 02:40:14	-146.46	761.04	38.05	16.312	15.625	77.525	12.767	0.0914	1	65540	65541
2022-06-01 02:50:14	-146.46	761.49	38.84	16.187	15.5	77.52	12.774	0.0914	1	65540	65541
2022-06-01 03:00:13	-146.46	761.81	39.36	16.187	15.375	77.5	12.801	0.0914	1	65540	65541
2022-06-01 03:10:14	-146.46	761.41	39.31	16.125	15.562	77.616	12.646	0.0914	1	65540	65541
2022-06-01 03:20:13	-146.46	761.9	40.09	16.062	15.187	77.57	12.706	0.0914	1	65540	65541
2022-06-01 03:30:13	-146.46	762.31	40.39	16.0	15.125	77.609	12.655	0.0914	1	65540	65541
2022-06-01 03:40:14	-146.46	761.45	40.25	15.937	15.5	77.586	12.686	0.0914	1	65540	65541
2022-06-01 03:50:14	-146.46	761.39	39.31	15.875	15.375	77.577	12.697	0.0914	1	65540	65541
2022-06-01 04:00:14	-146.46	761.49	39.91	15.75	15.187	77.598	12.669	0.0914	1	65540	65541
2022-06-01 04:10:14	-146.46	761.4	39.53	15.625	15.062	77.532	12.757	0.0914	1	65540	65541
2022-06-01 04:20:14	-146.46	761.47	39.92	15.562	15.0	77.6	12.667	0.0914	1	65540	65541
2022-06-01 04:30:14	-146.46	761.43	40.55	15.562	15.125	77.632	12.624	0.0914	1	65540	65541
2022-06-01 04:40:14	-146.46	761.59	40.62	15.5	15.062	77.574	12.702	0.0914	1	65540	65541
2022-06-01 04:50:14	-146.46	761.54	40.12	15.5	15.0	77.607	12.657	0.0914	1	65540	65541
2022-06-01 05:00:13	-146.46	761.76	40.36	15.375	15.0	77.645	12.607	0.1012	2	131077	131079
2022-06-01 05:10:13	-146.46	761.82	40.98	15.25	14.75	77.593	12.676	0.148	4	262152	262156
2022-06-01 05:20:13	-146.46	762.26	41.48	15.187	14.625	77.617	12.645	0.68	0	1	1
2022-06-01 05:30:14	-146.46	762.16	41.42	15.187	14.75	77.554	12.729	0.9792	4	262148	262152
2022-06-01 05:40:14	-146.46	761.94	41.51	15.187	14.75	77.617	12.644	3.6176	12	786445	786457
2022-06-01 05:50:14	-146.46	762.14	41.75	15.187	14.687	77.619	12.642	9.7104	23	1507357	1507380
2022-06-01 06:00:14	-146.46	762.52	42.56	15.125	14.562	77.59	12.68	18.0064	43	2818102	2818145
2022-06-01 06:10:14	-146.46	762.26	42.16	15.187	14.625	77.599	12.668	30.2192	79	5177439	5177518
2022-06-01 06:20:14	-146.46	762.39	42.91	15.25	14.562	77.626	12.632	43.8192	104	6815875	6815979
2022-06-01 06:30:14	-146.46	763.03	43.37	15.312	14.437	77.6	12.667	52.1152	99	6488204	6488303
2022-06-01 06:40:13	-146.46	763.15	43.73	15.312	14.625	77.633	12.623	70.7744	153	10027210	10027363
2022-06-01 06:50:13	-146.46	763.65	44.8	15.312	14.062	77.672	12.57	75.2896	127	8323264	8323391
2022-06-01 07:00:14	-146.46	762.87	43.35	15.375	14.437	77.668	12.576	99.0624	213	13959450	13959663
2022-06-01 07:10:14	-146.46	764.32	46.13	15.437	14.125	77.483	12.823	113.424	255	16712010	16712265
2022-06-01 07:20:14	-146.46	763.56	44.67	15.5	13.812	77.529	12.761	129.4176	287	18809206	18809493
2022-06-01 07:30:14	-146.46	762.93	43.8	15.5	14.625	77.545	12.74	132.8176	287	18809211	18809498
2022-06-01 07:40:37	-146.46	762.55	44.33	15.562	15.312	77.564	12.715	138.4208	296	19399049	19399345
2022-06-01 07:50:14	-146.46	763.11	45.02	15.687	14.625	77.582	12.691	143.3984	308	20185496	20185804
2022-06-01 08:00:16	-146.46	763.17	44.45	15.75	14.687	77.569	12.707	149.4368	316	20709798	20710114
2022-06-01 08:10:51	-146.46	762.81	47.63	15.75	15.312	77.613	12.65	159.8816	342	22413766	22414108
2022-06-01 08:20:14	-146.46	762.97	46.16	15.625	15.375	77.555	12.727	164.3152	349	22872529	22872878
2022-06-01 08:30:15	-146.46	762.78	43.37	15.687	16.375	77.584	12.688	165.9744	353	23134678	23135031
2022-06-01 08:40:14	-146.46	761.46	43.83	15.75	17.437	77.576	12.698	173.808	385	25231862	25232247
2022-06-01 08:50:14	-146.46	762.29	43.16	15.812	16.687	77.537	12.751	174.1888	406	26608132	26608538
2022-06-01 09:00:14	-146.46	762.43	43.3	15.875	16.75	77.598	12.669	183.3824	438	28705318	28705756
2022-06-01 09:10:13	-146.46	762.83	42.75	15.937	16.562	77.588	12.682	225.1344	578	37880509	37881087
2022-06-01 09:20:14	-146.46	762.16	42.54	16.0	16.562	77.627	12.631	260.1136	657	43057955	43058612
2022-06-01 09:30:14	-146.46	761.67	41.5	16.062	17.312	77.601	12.665	322.9728	836	54789106	54789942
2022-06-01 09:40:14	-146.46	762.18	40.61	15.875	15.875	77.502	12.797	355.776	895	58655816	58656711
2022-06-01 09:50:13	-146.46	762.59	41.35	15.937	15.437	77.566	12.712	508.9936	1232	80741889	80743121
2022-06-01 10:00:14	-146.46	762.61	41.44	16.125	15.687	77.56	12.72	672.248	1535	100599731	100601266
2022-06-01 10:10:14	-146.46	761.81	40.59	16.437	16.187	77.583	12.689	816.6528	1786	117049642	117051428
2022-06-01 10:20:14	-146.46	762.02	40.91	16.687	16.25	77.583	12.69	919.0608	1946	127535653	127537599
2022-06-01 10:30:15	-146.46	761.84	40.34	16.75	16.312	77.629	12.628	1029.7376	2137	140053314	140055451
2022-06-01 10:40:14	-146.46	761.43	40.08	16.687	16.75	77.565	12.714	1159.1552	2349	153947272	153949621
2022-06-01 10:50:15	-146.46	761.52	39.05	16.875	16.687	77.625	12.633	1193.8896	2427	159059181	159061608
2022-06-01 11:00:14	-146.46	761.35	39.15	17.0	16.937	77.558	12.722	1155.9456	2422	158731442	158733864
2022-06-01 11:10:49	-146.46	761.15	39.08	17.187	17.062	77.565	12.713	1132.9888	2406	157682822	157685228
2022-06-01 11:20:15	-146.46	761.17	38.94	17.312	16.875	77.637	12.617	1177.5424	2538	166333724	166336262
2022-06-01 11:30:14	-146.46	760.75	38.96	17.375	17.375	77.611	12.652	1277.584	2855	187108986	187111841
2022-06-01 11:40:14	-146.46	760.52	39.11	17.875	17.687	77.541	12.746	465.2832	934	61211906	61212840
2022-06-01 11:50:28	-146.46	761.26	40.3	17.875	17.25	77.647	12.604	727.3008	1521	99682299	99683820
2022-06-01 12:00:14	-146.46	760.31	38.45	18.5	18.0	77.61	12.654	1498.7472	3389	222105877	222109266
2022-06-01 12:10:15	-146.46	760.73	37.9	19.0	17.812	77.681	12.558	1467.9568	3216	210767993	210771209
2022-06-01 12:20:14	-146.46	759.07	36.91	19.25	18.75	77.627	12.631	1035.9936	2257	147917720	147919977
2022-06-01 12:30:14	-146.46	759.16	36.02	19.812	18.812	77.719	12.509	1151.5936	2582	169217298	169219880
2022-06-01 12:40:15	-146.46	760.16	36.9	19.25	18.187	77.589	12.681	1325.9728	3036	199495489	199498533
2022-06-01 12:50:14	-146.46	759.54	36.37	18.937	18.375	77.735	12.486	1362.312	3065	200871805	200874870
2022-06-01 13:00:14	-146.46	759.19	36.38	18.812	18.625	77.693	12.542	833.3808	1721	112789783	112791504
2022-06-01 13:10:14	-146.46	758.44	35.41	19.437	19.187	77.654	12.595	1635.6448	3626	237638262	237641888
2022-06-01 13:20:15	-146.46	759.27	36.24	19.187	18.437	77.604	12.662	1555.0784	3408	223351156	223354564
2022-06-01 13:30:14	-146.46	758.3	35.2	19.375	19.375	77.61	12.653	1182.928	2510	164498706	164501216
2022-06-01 13:40:14	-146.46	757.24	34.06	19.937	19.687	77.644	12.608	1593.4848	3626	237638200	237641826
2022-06-01 13:50:14	-146.46	757.36	33.85	20.062	19.937	77.582	12.69	1676.472	3840	251663163	251667003
2022-06-01 14:00:15	-146.46	756.86	32.79	20.562	20.375	77.684	12.555	1724.8336	3957	259331021	259334978
2022-06-01 14:10:14	-146.46	757.6	33.56	20.312	20.0	77.665	12.58	359.72	600	39322513	39323113
2022-06-01 14:20:14	-146.46	756.52	31.79	20.25	20.125	77.604	12.661	1872.3664	4343	284628381	284632724
2022-06-01 14:30:15	-146.46	756.35	31.59	20.312	20.687	77.698	12.535	1958.672	4465	292623978	292628443
2022-06-01 14:40:14	-146.46	756.4	31.57	20.187	20.312	77.616	12.645	2095.8144	4678	306583484	306588162
2022-06-01 14:50:14	-146.46	756.04	29.84	20.875	20.687	77.56	12.72	2313.632	5065	331946484	331951549
2022-06-01 15:00:14	-146.46	754.82	29.59	21.687	21.437	77.682	12.558	2376.9808	5121	335616629	335621750
2022-06-01 15:10:14	-146.46	755.2	29.04	21.625	21.562	77.676	12.565	2525.3024	5288	346561466	346566754
2022-06-01 15:20:15	-146.46	755.51	30.58	21.312	20.937	77.594	12.674	2438.8064	5193	340335358	340340551
2022-06-01 15:30:14	-146.46	754.38	29.27	21.312	22.187	77.595	12.673	2525.2208	5346	350362591	350367937
2022-06-01 15:40:40	-146.46	755.0	29.96	21.937	21.812	77.677	12.564	540.0016	992	65013141	65014133
2022-06-01 15:50:15	-146.46	755.47	30.54	21.937	21.062	77.681	12.558	2694.432	5640	369630612	369636252
2022-06-01 16:00:14	-146.46	754.3	29.28	22.125	21.875	77.657	12.591	2770.4832	5784	379068000	379073784
2022-06-01 16:10:32	-146.46	754.11	29.76	22.875	22.625	77.648	12.603	2402.8208	5371	352000827	352006198
2022-06-01 16:20:26	-146.46	753.99	28.54	22.812	22.562	77.668	12.577	2657.9024	5813	380968397	380974210
2022-06-01 16:30:14	-146.46	753.94	28.24	22.812	22.25	77.665	12.58	2462.7696	5477	358947799	358953276
2022-06-01 16:40:14	-146.46	752.8	27.51	23.125	23.687	77.683	12.557	2903.2464	6018	394403769	394409787
2022-06-01 16:50:14	-146.46	753.63	27.95	23.125	22.75	77.652	12.597	2826.7056	5922	388112139	388118061
2022-06-01 17:00:15	-146.46	753.39	27.55	23.125	22.25	77.6	12.667	2871.2048	6101	399843263	399849364
2022-06-01 17:10:15	-146.46	752.78	27.56	23.25	22.25	77.638	12.617	2843.8144	6053	396697464	396703517
2022-06-01 17:20:14	-146.46	754.81	28.94	23.562	22.312	77.726	12.498	325.7472	539	35324728	35325267
2022-06-01 17:30:14	-146.46	752.84	27.48	23.5	23.312	77.669	12.575	2861.0864	6293	412426283	412432576
2022-06-01 17:40:14	-146.46	753.87	27.72	24.125	22.812	77.755	12.46	497.3792	829	54330606	54331435
2022-06-01 17:50:15	-146.46	754.35	28.09	23.687	22.187	77.713	12.516	1897.472	4215	276239728	276243943
2022-06-01 18:00:14	-146.46	752.32	26.45	26.75	24.062	77.657	12.59	2398.6592	5629	368909274	368914903
2022-06-01 18:10:14	-146.46	752.79	26.63	28.875	23.062	77.591	12.678	2492.3632	5709	374152343	374158052
2022-06-01 18:20:50	-146.46	750.95	26.08	32.937	25.187	77.411	12.918	2274.6	5475	358816449	358821924
2022-06-01 18:30:49	-146.46	751.68	25.85	38.25	24.062	77.943	12.209	2345.6192	5404	354163452	354168856
2022-06-01 18:40:15	-146.46	753.16	26.71	40.062	23.25	78.372	11.681	507.7152	974	63833434	63834408
2022-06-01 18:50:14	-146.46	753.23	26.75	31.062	21.875	77.926	12.232	2196.536	5320	348658155	348663475
2022-06-01 19:00:14	-146.46	753.1	26.77	42.875	23.062	78.787	11.192	1950.2672	5039	330241997	330247036
2022-06-01 19:10:14	-146.46	752.84	26.61	44.75	23.187	79.197	10.709	1492.5184	3733	244650472	244654205
2022-06-01 19:20:14	-146.46	753.7	27.09	40.187	22.437	79.048	10.884	1524.288	3985	261165752	261169737
2022-06-01 19:30:14	-146.46	752.58	26.14	39.937	22.937	78.886	11.075	1755.4064	4718	309204449	309209167
2022-06-01 19:40:14	-146.46	752.78	26.54	42.625	23.812	79.065	10.864	1477.7488	4206	275649281	275653487
2022-06-01 19:50:40	-146.46	753.54	28.17	43.5	23.562	79.181	10.728	1191.1968	3641	238620658	238624299
2022-06-01 20:00:15	-146.46	753.95	28.4	41.375	22.937	79.24	10.658	729.1776	2162	141691288	141693450
2022-06-01 20:10:14	-146.46	754.91	28.86	36.437	22.25	78.811	11.164	409.5232	1209	79234400	79235609
2022-06-01 20:20:13	-146.46	755.81	29.9	31.375	21.125	78.49	11.541	220.5648	476	31195765	31196241
2022-06-01 20:30:14	-146.46	755.97	29.53	26.187	21.0	78.051	12.066	167.1984	333	21823947	21824280
2022-06-01 20:40:14	-146.46	756.51	30.25	23.562	20.625	77.729	12.494	133.2528	261	17105259	17105520
2022-06-01 20:50:14	-146.46	757.25	32.47	22.125	20.25	77.674	12.568	97.376	170	11141372	11141542
2022-06-01 21:00:14	-146.46	757.65	34.11	21.25	19.937	77.569	12.708	59.976	95	6226069	6226164
2022-06-01 21:10:13	-146.46	757.54	34.53	20.562	19.5	77.513	12.782	51.7344	103	6750350	6750453
2022-06-01 21:20:14	-146.46	757.83	35.08	20.25	19.312	77.557	12.724	34.7616	67	4391006	4391073
2022-06-01 21:30:14	-146.46	758.1	35.86	20.0	19.187	77.528	12.763	24.3984	58	3801161	3801219
2022-06-01 21:40:14	-146.46	758.59	35.94	19.812	18.937	77.561	12.718	14.0624	38	2490413	2490451
2022-06-01 21:50:14	-146.46	758.7	35.92	19.562	18.75	77.516	12.779	7.2896	27	1769500	1769527
2022-06-01 22:00:15	-146.46	758.5	35.93	19.375	18.812	77.519	12.774	2.9376	12	786444	786456
2022-06-01 22:10:16	-146.46	759.9	36.84	19.25	18.562	77.574	12.702	0.7344	3	196611	196614
2022-06-01 22:20:14	-146.46	758.86	37.36	19.062	18.937	77.605	12.66	0.68	0	1	1
2022-06-01 22:30:40	-146.46	759.77	37.1	18.937	18.437	77.668	12.576	0.1306	5	327688	327693
2022-06-01 22:40:14	-146.46	760.54	37.08	18.812	17.937	77.532	12.757	0.1012	2	131077	131079
2022-06-01 22:50:14	-146.46	760.62	36.73	18.687	17.625	77.547	12.737	0.0642	1	65539	65540
2022-06-01 23:00:14	-146.46	761.09	37.13	18.562	17.437	77.577	12.698	0.037	1	65538	65539
2022-06-01 23:10:14	-146.46	760.63	36.28	18.5	17.5	77.608	12.656	0.037	1	65538	65539
2022-06-01 23:20:14	-146.46	760.55	36.16	18.375	17.437	77.63	12.627	0.037	1	65538	65539
2022-06-01 23:30:13	-146.46	760.65	35.76	18.375	17.5	77.632	12.624	0.037	1	65538	65539
2022-06-01 23:40:14	-146.46	761.27	35.71	18.25	17.125	77.522	12.77	0.074	2	131076	131078
2022-06-01 23:50:14	-146.46	761.1	35.43	18.125	17.187	77.608	12.656	0.037	1	65538	65539
2022-06-02 00:00:16	-146.46	761.66	35.49	18.125	17.0	77.594	12.674	0.037	1	65538	65539
2022-06-02 00:10:13	-146.46	761.43	35.29	18.0	16.875	77.613	12.65	0.037	1	65538	65539
2022-06-02 00:20:14	-146.46	762.35	36.28	17.875	16.562	77.453	12.862	0.0098	1	65537	65538
2022-06-02 00:30:14	-146.46	762.43	36.46	17.812	16.437	77.62	12.64	0.0098	1	65537	65538
2022-06-02 00:40:14	-146.46	762.08	36.43	17.687	16.5	77.563	12.717	0.0098	1	65537	65538
2022-06-02 00:50:15	-146.46	762.52	36.5	17.625	16.125	77.597	12.67	0.037	1	65538	65539
2022-06-02 01:00:14	-146.46	762.5	36.87	17.5	16.125	77.557	12.724	0.0544	0	2	2
2022-06-02 01:10:13	-146.46	761.97	36.5	17.437	16.187	77.571	12.705	0.0544	0	2	65538
2022-06-02 01:20:13	-146.46	762.32	36.56	17.437	16.437	77.617	12.644	0.0544	0	2	2
2022-06-02 01:30:13	-146.46	763.31	37.87	17.312	15.812	77.605	12.66	0.0544	0	2	2
2022-06-02 01:40:13	-146.46	762.59	37.26	17.187	15.937	77.601	12.665	0.0544	0	2	2
2022-06-02 01:50:14	-146.46	763.13	37.98	17.062	15.562	77.536	12.752	0.0544	0	2	2
2022-06-02 02:00:13	-146.46	763.43	38.36	16.937	15.375	77.572	12.704	0.0544	0	2	2
2022-06-02 02:10:14	-146.46	763.53	38.69	16.75	15.125	77.659	12.588	0.0544	0	2	2
2022-06-02 02:20:13	-146.46	763.57	38.85	16.687	15.062	77.651	12.599	0.0544	0	2	2
2022-06-02 02:30:13	-146.46	763.67	39.28	16.687	15.125	77.623	12.637	0.0544	0	2	2
2022-06-02 02:40:13	-146.46	763.5	39.04	16.625	15.25	77.574	12.702	0.0544	0	2	2
2022-06-02 02:50:13	-146.46	763.91	39.32	16.562	15.187	77.61	12.653	0.0544	0	2	2
2022-06-02 03:00:13	-146.46	763.72	39.49	16.437	14.937	77.531	12.759	0.0544	0	2	2
2022-06-02 03:10:14	-146.46	763.75	39.96	16.437	14.937	77.618	12.642	0.0544	0	2	2
2022-06-02 03:20:14	-146.46	764.12	40.1	16.375	14.812	77.57	12.707	0.0098	1	65537	65538
2022-06-02 03:30:14	-146.46	764.77	41.35	16.312	14.625	77.616	12.645	0.0544	0	2	2
2022-06-02 03:40:13	-146.46	764.61	41.13	16.187	14.625	77.461	12.853	0.0544	0	2	2
2022-06-02 03:50:13	-146.46	764.7	41.49	16.125	14.312	77.579	12.694	0.0544	0	2	2
2022-06-02 04:00:13	-146.46	765.31	42.52	16.0	14.062	77.558	12.722	0.0544	0	2	2
2022-06-02 04:10:14	-146.46	764.48	41.37	15.937	14.437	77.53	12.76	0.0544	0	2	2
2022-06-02 04:20:14	-146.46	765.66	43.2	15.875	13.937	77.558	12.723	0.0544	0	2	65538
2022-06-02 04:30:14	-146.46	764.94	42.07	15.812	14.25	77.499	12.802	0.0098	1	65537	65538
2022-06-02 04:40:14	-146.46	765.6	43.3	15.75	13.812	77.526	12.765	0.0098	1	65537	65538
2022-06-02 04:50:14	-146.46	766.0	44.63	15.562	13.562	77.567	12.711	0.037	1	65538	65539
2022-06-02 05:00:13	-146.46	765.17	42.9	15.562	14.0	77.622	12.638	0.074	2	131076	131078
2022-06-02 05:10:14	-146.46	765.66	43.69	15.5	13.75	77.564	12.714	0.1132	6	393224	393230
2022-06-02 05:20:14	-146.46	764.86	42.7	15.437	14.062	77.661	12.586	0.2448	1	65537	65538
2022-06-02 05:30:13	-146.46	766.26	44.74	15.375	13.5	77.593	12.676	0.9792	4	262148	262152
2022-06-02 05:40:14	-146.46	765.98	43.98	15.312	13.625	77.55	12.733	3.808	10	655372	655382
2022-06-02 05:50:14	-146.46	766.03	44.28	15.187	13.437	77.569	12.708	8.5408	21	1376282	1376303
2022-06-02 06:00:14	-146.46	766.25	44.7	15.187	13.5	77.638	12.617	17.5168	41	2687028	2687069
2022-06-02 06:10:13	-146.46	766.2	44.34	15.187	13.437	77.61	12.653	29.3488	81	5308511	5308592
2022-06-02 06:20:14	-146.46	766.79	45.15	15.187	13.187	77.637	12.617	47.3552	124	8126613	8126737
2022-06-02 06:30:14	-146.46	766.19	44.27	15.187	13.562	77.649	12.602	67.0208	171	11206864	11207035
2022-06-02 06:40:14	-146.46	766.8	45.05	15.312	13.562	77.654	12.594	89.2432	234	15335705	15335939
2022-06-02 06:50:13	-146.46	766.29	44.4	15.375	13.625	77.658	12.589	114.2944	303	19857770	19858073
2022-06-02 07:00:14	-146.46	766.83	45.76	15.375	13.375	77.661	12.586	138.0128	386	25297346	25297732
2022-06-02 07:10:13	-146.46	766.19	44.66	15.562	13.812	77.503	12.795	122.4272	314	20578685	20578999
2022-06-02 07:20:14	-146.46	766.4	45.31	15.5	13.687	77.7	12.533	141.9296	352	23069106	23069458
2022-06-02 07:30:14	-146.46	766.44	44.92	15.5	13.875	77.528	12.762	176.256	445	29164064	29164509
2022-06-02 07:40:13	-146.46	766.42	45.42	15.562	13.75	77.652	12.598	203.592	515	33751669	33752184
2022-06-02 07:50:14	-146.46	766.84	45.94	15.687	13.75	77.685	12.553	200.3552	499	32703078	32703577
