2022-07-01 00:00:17	-146.46	761.18	53.37	17.0	17.375	21.884	80.0	0.0544	0	2	2
2022-07-01 00:10:14	-146.46	761.06	52.12	17.0	17.312	21.856	80.0	0.0544	0	2	2
2022-07-01 00:30:14	-146.46	761.52	54.71	16.812	17.25	21.486	80.0	0.0544	0	2	2
2022-07-01 00:40:13	-146.46	762.24	56.11	16.75	16.312	21.47	80.0	0.0272	0	1	1
2022-07-01 00:50:13	-146.46	762.55	56.04	16.625	16.062	21.439	80.0	0.0272	0	1	1
2022-07-01 01:00:14	-146.46	762.87	55.55	16.437	15.875	21.467	80.0	0.0272	0	1	1
2022-07-01 01:10:14	-146.46	762.87	55.82	16.312	15.875	21.446	80.0	0.0272	0	1	1
2022-07-01 01:20:13	-146.46	763.08	57.22	16.25	15.687	21.445	80.0	0.0272	0	1	1
2022-07-01 01:30:15	-146.46	763.09	58.01	16.187	15.687	21.49	80.0	0.0272	0	1	1
2022-07-01 01:40:14	-146.46	763.02	58.34	16.125	15.75	21.487	80.0	0.0272	0	1	1
2022-07-01 01:50:14	-146.46	763.36	59.55	16.125	15.562	21.384	80.0	0.0272	0	1	1
2022-07-01 02:00:14	-146.46	763.27	60.18	16.125	15.625	21.471	80.0	0.0272	0	1	1
2022-07-01 02:10:15	-146.46	763.69	62.33	15.937	15.187	21.429	80.0	0.0272	0	1	1
2022-07-01 02:20:14	-146.46	763.72	62.61	15.812	15.125	21.422	80.0	0.0272	0	1	1
2022-07-01 02:30:14	-146.46	763.74	62.68	15.75	15.125	21.381	80.0	0.0272	0	1	1
2022-07-01 02:40:14	-146.46	763.92	62.75	15.75	15.125	21.427	80.0	0.0272	0	1	1
2022-07-01 02:50:14	-146.46	763.96	62.58	15.75	15.062	21.445	80.0	0.0272	0	1	1
2022-07-01 03:00:14	-146.46	764.22	63.25	15.75	14.875	21.408	80.0	0.0272	0	1	1
2022-07-01 03:10:14	-146.46	764.56	64.26	15.687	14.687	21.476	80.0	0.0272	0	1	1
2022-07-01 03:20:14	-146.46	764.76	64.34	15.562	14.562	21.412	80.0	0.0272	0	1	1
2022-07-01 03:30:14	-146.46	764.47	63.95	15.562	14.75	21.436	80.0	0.0272	0	1	1
2022-07-01 03:40:14	-146.46	764.69	64.32	15.625	14.687	21.435	80.0	0.0272	0	1	1
2022-07-01 03:50:13	-146.46	764.38	63.67	15.625	14.812	21.421	80.0	0.0272	0	1	1
2022-07-01 04:00:14	-146.46	764.54	63.91	15.75	14.75	21.486	80.0	0.0272	0	1	1
2022-07-01 04:10:13	-146.46	764.45	63.89	15.875	14.875	21.392	80.0	0.0272	0	1	1
2022-07-01 04:20:14	-146.46	764.53	63.97	15.875	14.812	21.536	80.0	0.0272	0	1	1
2022-07-01 04:30:13	-146.46	764.63	64.19	15.687	14.875	21.423	80.0	0.0272	0	1	1
2022-07-01 04:40:14	-146.46	764.58	64.12	15.75	14.875	21.374	80.0	0.0272	0	1	1
2022-07-01 04:50:13	-146.46	764.51	64.17	15.937	15.062	21.456	80.0	0.0272	0	1	1
2022-07-01 05:00:14	-146.46	764.8	64.22	15.812	14.812	21.073	80.0	0.0098	1	65537	65538
2022-07-01 05:10:14	-146.46	764.83	64.75	15.875	14.875	20.956	80.0	0.0468	2	131075	131077
2022-07-01 05:20:13	-146.46	764.74	63.88	15.875	14.812	20.988	80.0	0.1153	9	589834	589843
2022-07-01 05:30:13	-146.46	764.85	63.34	15.625	14.687	20.904	80.0	0.9248	1	65538	65539
2022-07-01 05:40:14	-146.46	765.12	63.41	15.437	14.562	20.951	80.0	1.6592	4	262149	262153
2022-07-01 05:50:14	-146.46	765.08	63.5	15.375	14.625	20.964	80.0	4.2432	9	589836	589845
2022-07-01 06:00:13	-146.46	765.22	63.67	15.5	14.812	20.99	80.0	7.3712	19	1245207	1245226
2022-07-01 06:10:15	-146.46	765.43	63.52	15.562	14.5	20.992	80.0	13.1104	48	3145778	3145826
2022-07-01 06:20:14	-146.46	765.84	63.71	15.125	14.062	21.008	80.0	19.6112	69	4522057	4522126
2022-07-01 06:30:15	-146.46	766.33	64.75	15.0	13.75	20.987	80.0	24.344	80	5242967	5243047
2022-07-01 06:40:14	-146.46	766.36	65.59	14.875	13.812	20.915	80.0	30.5184	108	7078002	7078110
2022-07-01 06:50:14	-146.46	766.31	65.06	14.937	13.875	20.895	80.0	35.6048	126	8257669	8257795
2022-07-01 07:00:15	-146.46	766.38	64.82	15.0	13.875	20.93	80.0	40.3104	148	9699482	9699630
2022-07-01 07:10:14	-146.46	766.45	64.42	15.125	13.937	20.976	80.0	46.9744	178	11665591	11665769
2022-07-01 07:20:15	-146.46	765.71	64.38	15.375	14.937	20.962	80.0	50.8368	191	12517573	12517764
2022-07-01 07:30:16	-146.46	765.87	63.73	15.312	14.625	21.011	80.0	53.0944	203	13304016	13304219
2022-07-01 07:40:15	-146.46	766.14	63.44	15.187	14.437	21.039	80.0	55.7872	214	14024923	14025137
2022-07-01 07:50:14	-146.46	766.45	62.58	15.125	14.25	20.939	80.0	57.256	220	14418145	14418365
2022-07-01 08:00:16	-146.46	766.13	61.66	15.187	14.687	21.006	80.0	59.1056	222	14549221	14549443
2022-07-01 08:10:15	-146.46	766.13	60.26	15.312	14.687	21.012	80.0	60.7104	223	14614760	14614983
2022-07-01 08:20:14	-146.46	765.83	64.28	15.437	15.375	21.016	80.0	61.064	230	15073517	15073747
2022-07-01 08:30:15	-146.46	766.3	61.3	15.687	15.75	21.062	80.0	61.9072	239	15663348	15663587
2022-07-01 08:40:15	-146.46	765.64	57.38	15.687	15.312	20.996	80.0	63.1856	247	16187643	16187890
2022-07-01 08:50:15	-146.46	765.76	56.85	15.562	15.562	21.044	80.0	64.6272	264	17301768	17302032
2022-07-01 09:00:15	-146.46	766.17	56.28	15.437	15.125	21.036	80.0	65.4976	287	18809112	18809399
2022-07-01 09:10:15	-146.46	765.62	55.43	15.625	15.875	20.991	80.0	75.8608	346	22675789	22676135
2022-07-01 09:20:14	-146.46	765.96	53.57	15.625	15.312	20.97	80.0	85.7344	403	26411392	26411795
2022-07-01 09:30:14	-146.46	765.4	51.98	15.812	15.937	21.016	80.0	92.0448	451	29557160	29557611
2022-07-01 09:40:14	-146.46	765.14	54.12	15.875	16.187	21.035	80.0	100.6128	511	33489371	33489882
2022-07-01 09:50:15	-146.46	764.98	52.74	16.0	16.312	20.952	80.0	114.8928	611	40043056	40043667
2022-07-01 10:00:15	-146.46	764.52	50.42	16.125	16.812	20.975	80.0	125.12	700	45875832	45876532
2022-07-01 10:10:15	-146.46	764.67	48.63	16.187	16.687	21.017	80.0	139.4068	790	51774149	51774939
2022-07-01 10:20:16	-146.46	764.38	48.51	16.375	17.062	21.074	80.0	147.5804	846	55444211	55445057
2022-07-01 10:30:14	-146.46	764.76	46.35	16.437	16.687	21.023	80.0	160.956	913	59835187	59836100
2022-07-01 10:40:17	-146.46	764.52	45.15	16.5	16.937	21.018	80.0	175.61	1008	66061187	66062195
2022-07-01 10:50:15	-146.46	764.35	43.79	16.625	17.312	20.979	80.0	200.0152	1122	73532404	73533526
2022-07-01 11:00:21	-146.46	764.4	43.36	16.875	17.312	21.039	80.0	77.2752	224	14680321	14680545
2022-07-01 11:10:15	-146.46	764.18	43.03	16.875	17.375	21.049	80.0	230.4588	1308	85722261	85723569
2022-07-01 11:20:28	-146.46	763.77	42.83	17.062	17.875	21.039	80.0	233.308	1334	87426216	87427550
2022-07-01 11:30:16	-146.46	763.81	42.67	17.25	17.812	21.031	80.0	292.9168	1641	107546057	107547698
2022-07-01 11:40:14	-146.46	763.93	43.91	17.5	17.937	21.041	80.0	161.024	630	41288320	41288950
2022-07-01 11:50:15	-146.46	763.81	43.03	17.875	17.812	21.143	80.0	202.096	770	50463510	50464280
2022-07-01 12:00:17	-146.46	763.52	42.24	18.062	18.0	21.029	80.0	199.8928	786	51512093	51512879
2022-07-01 12:10:15	-146.46	763.43	42.39	18.187	18.25	21.102	80.0	300.9612	1691	110822900	110824591
2022-07-01 12:20:15	-146.46	763.01	41.47	18.437	18.562	21.025	80.0	189.5024	713	46727903	46728616
2022-07-01 12:30:15	-146.46	763.13	43.1	18.375	18.5	21.11	80.0	224.1824	888	58196866	58197754
2022-07-01 12:40:15	-146.46	762.99	42.36	18.687	18.812	21.171	80.0	160.208	585	38339170	38339755
2022-07-01 12:50:22	-146.46	763.52	43.06	18.375	18.25	21.161	80.0	179.3024	713	46727888	46728601
2022-07-01 13:00:17	-146.46	762.76	41.38	18.375	18.625	21.078	80.0	207.5632	809	53019447	53020256
2022-07-01 13:10:15	-146.46	762.76	41.63	18.812	18.937	21.033	80.0	206.04	775	50791199	50791974
2022-07-01 13:20:18	-146.46	763.09	40.89	18.875	18.75	21.078	80.0	184.008	635	41616037	41616672
2022-07-01 13:30:16	-146.46	761.82	39.78	18.687	19.437	21.155	80.0	495.448	2160	141559871	141562031
2022-07-01 13:40:28	-146.46	761.78	39.07	19.125	19.812	21.119	80.0	265.7984	958	62784492	62785450
2022-07-01 13:50:25	-146.46	762.52	39.11	19.187	19.187	21.141	80.0	266.1248	951	62325736	62326687
2022-07-01 14:00:19	-146.46	762.27	38.45	19.5	19.5	21.135	80.0	313.8608	1121	73467035	73468156
2022-07-01 14:10:15	-146.46	762.21	40.53	19.437	19.562	21.183	80.0	258.4272	914	59900869	59901783
2022-07-01 14:20:28	-146.46	762.2	39.15	19.375	19.625	21.126	80.0	774.8736	3132	205261896	205265028
2022-07-01 14:30:25	-146.46	761.06	36.57	19.562	20.187	21.186	80.0	331.8128	1161	76088527	76089688
2022-07-01 14:40:28	-146.46	761.1	37.15	20.062	20.25	21.205	80.0	407.728	1460	95684094	95685554
2022-07-01 14:50:21	-146.46	761.25	36.8	20.125	20.062	21.158	80.0	404.5728	1461	95749626	95423392
2022-07-01 15:00:14	-146.46	760.92	37.25	20.812	20.5	21.217	80.0	337.5248	1201	78710001	78711202
2022-07-01 15:10:19	-146.46	760.84	36.97	20.75	20.687	21.164	80.0	294.304	1080	70780004	70781084
2022-07-01 15:20:49	-146.46	761.23	37.48	20.562	20.375	23.305	78.261	218.144	830	54395732	54396562
2022-07-01 15:30:14	-146.46	761.29	37.26	20.687	20.312	23.674	77.768	252.3344	978	64095205	64096183
2022-07-01 15:40:22	-146.46	761.44	37.83	21.5	20.125	22.782	78.957	300.5872	1139	74646675	74647814
2022-07-01 15:50:20	-146.46	761.28	37.63	22.125	20.312	22.754	78.995	717.8352	2424	158861871	162927663
2022-07-01 16:00:28	-146.46	761.0	37.42	22.812	20.625	22.816	78.912	274.4752	1024	67109923	67110947
2022-07-01 16:10:24	-146.46	761.19	37.1	22.562	20.437	22.756	78.991	321.0688	1181	77399244	77400425
2022-07-01 16:20:19	-146.46	760.42	36.07	22.812	21.062	22.773	78.97	385.9136	1432	93849036	93850468
2022-07-01 16:30:15	-146.46	760.43	35.63	22.937	21.0	22.718	79.042	406.3136	1507	98764314	98765821
2022-07-01 16:40:14	-146.46	758.95	34.3	22.937	21.75	22.767	78.978	1224.2448	4226	276959641	276963867
2022-07-01 16:50:14	-146.46	759.04	33.98	23.375	22.0	22.766	78.979	520.5536	1757	114558811	114560559
2022-07-01 17:00:19	-146.46	759.42	33.31	22.687	21.562	22.754	78.995	403.4304	1448	94897648	94899096
2022-07-01 17:10:18	-146.46	758.54	33.2	22.937	22.25	22.817	78.911	490.7152	1699	111347473	111349172
2022-07-01 17:20:33	-146.46	758.67	33.71	23.312	22.187	22.672	79.105	768.5632	2634	172624640	172627274
2022-07-01 17:30:39	-146.46	759.01	33.56	23.562	22.0	22.667	79.11	567.528	1960	128452649	128454609
2022-07-01 17:40:15	-146.46	757.58	32.03	23.25	22.75	22.638	79.149	1439.2064	5418	355079632	355085050
2022-07-01 17:50:14	-146.46	756.46	31.25	24.125	23.687	22.673	79.103	1324.5584	5033	329847857	329852890
2022-07-01 18:00:24	-146.46	758.25	31.83	24.812	22.5	22.732	79.024	354.3888	1206	79037709	79038915
2022-07-01 18:10:18	-146.46	759.1	32.98	23.5	21.625	22.668	79.11	329.7184	1158	75891914	75893072
2022-07-01 18:20:22	-146.46	759.28	33.28	23.062	21.562	22.709	79.054	385.6688	1456	95421915	95423371
2022-07-01 18:30:31	-146.46	759.48	33.48	23.25	21.25	22.792	78.943	245.7792	879	57607068	57607947
2022-07-01 18:40:17	-146.46	759.52	33.51	22.187	21.312	22.737	79.018	173.8624	638	41812632	41813270
2022-07-01 18:50:34	-146.46	759.59	33.39	21.687	21.25	22.765	78.98	202.0416	767	50266900	50267667
2022-07-01 19:00:43	-146.46	759.21	33.27	21.687	21.5	23.566	77.912	266.696	1020	66847765	66848785
2022-07-01 19:10:24	-146.46	759.37	33.31	22.625	21.437	22.801	78.932	144.3232	534	34996778	34997312
2022-07-01 19:20:17	-146.46	759.56	32.29	22.625	21.25	22.754	78.995	128.9008	496	32506363	32506859
2022-07-01 19:30:30	-146.46	759.58	33.19	21.437	21.25	22.652	79.131	127.3232	484	31719921	31720405
2022-07-01 19:40:16	-146.46	759.42	33.22	21.562	21.375	22.713	79.049	117.5856	447	29295051	29295498
2022-07-01 19:50:21	-146.46	759.51	32.92	21.562	21.187	22.743	79.01	120.8224	463	30343642	30344105
