2022-11-01 00:00:16	-146.46	756.98	78.56	17.187	17.437	31.474	67.532	0.1284	2	131078	131080
2022-11-01 00:10:14	-146.46	757.05	78.39	17.25	17.375	31.507	67.491	0.1284	2	131078	131080
2022-11-01 00:30:14	-146.46	757.43	74.74	17.125	17.312	31.591	67.386	0.1556	2	131079	131081
2022-11-01 00:40:14	-146.46	757.74	72.54	17.0	17.125	31.529	67.463	0.1186	1	65541	65542
2022-11-01 00:50:13	-146.46	758.13	71.89	16.812	16.875	31.517	67.478	0.1186	1	65541	65542
2022-11-01 01:00:14	-146.46	758.4	69.86	16.687	16.687	31.483	67.521	0.0914	1	65540	65541
2022-11-01 01:10:13	-146.46	758.74	68.66	16.562	16.562	31.871	67.037	0.0914	1	65540	65541
2022-11-01 01:30:13	-146.46	759.21	66.44	16.312	16.25	31.848	67.064	0.0914	1	65540	65541
2022-11-01 01:40:14	-146.46	759.63	66.14	16.187	16.0	31.822	67.097	0.1186	1	65541	65542
2022-11-01 01:50:14	-146.46	760.1	65.36	16.0	15.75	31.87	67.037	0.0914	1	65540	65541
2022-11-01 02:00:13	-146.46	760.48	63.63	15.875	15.5	31.911	66.986	0.1186	1	65541	65542
2022-11-01 02:10:14	-146.46	761.07	62.54	15.625	15.25	31.885	67.018	0.0914	1	65540	65541
2022-11-01 02:20:14	-146.46	761.46	62.52	15.437	14.937	31.838	67.078	0.1186	1	65541	65542
2022-11-01 02:30:13	-146.46	761.53	62.24	15.375	14.812	31.849	67.063	0.0914	1	65540	65541
2022-11-01 02:40:14	-146.46	761.83	62.64	15.187	14.625	31.729	67.213	0.0914	1	65540	65541
2022-11-01 02:50:13	-146.46	762.14	63.18	15.062	14.437	31.827	67.091	0.0914	1	65540	65541
2022-11-01 03:00:14	-146.46	762.3	61.85	14.937	14.375	31.809	67.114	0.0914	1	65540	65541
2022-11-01 03:10:13	-146.46	762.55	61.73	14.875	14.25	31.788	67.14	0.0914	1	65540	65541
2022-11-01 03:20:14	-146.46	762.94	61.2	14.75	14.062	31.831	67.086	0.1186	1	65541	65542
2022-11-01 03:30:14	-146.46	763.0	61.7	14.687	14.0	31.843	67.071	0.0914	1	65540	65541
2022-11-01 03:40:13	-146.46	763.42	62.51	14.625	13.875	31.871	67.036	0.0914	1	65540	65541
2022-11-01 03:50:14	-146.46	763.71	62.36	14.5	13.75	31.804	67.12	0.0914	1	65540	65541
2022-11-01 04:00:13	-146.46	763.87	60.58	14.375	13.625	31.739	67.201	0.0914	1	65540	65541
2022-11-01 04:10:13	-146.46	764.05	60.79	14.312	13.562	31.807	67.117	0.0914	1	65540	65541
2022-11-01 04:20:14	-146.46	764.43	62.18	14.312	13.5	31.755	67.181	0.0914	1	65540	65541
2022-11-01 04:30:13	-146.46	764.55	62.38	14.187	13.375	31.807	67.116	0.0914	1	65540	65541
2022-11-01 04:40:14	-146.46	764.88	62.85	14.125	13.312	31.795	67.131	0.0914	1	65540	65541
2022-11-01 04:50:14	-146.46	765.35	64.02	14.0	13.187	31.786	67.143	0.1186	1	65541	65542
2022-11-01 05:00:13	-146.46	765.47	64.74	13.875	13.125	31.775	67.156	0.1186	1	65541	65542
2022-11-01 05:10:14	-146.46	765.85	65.3	13.812	13.0	31.703	67.247	0.0914	1	65540	65541
2022-11-01 05:20:13	-146.46	766.06	65.01	13.75	13.0	31.739	67.201	0.0914	1	65540	65541
2022-11-01 05:30:14	-146.46	766.27	64.63	13.687	12.875	31.718	67.227	0.0914	1	65540	65541
2022-11-01 05:40:13	-146.46	766.27	64.06	13.687	12.875	31.802	67.122	0.0914	1	65540	65541
2022-11-01 05:50:14	-146.46	766.45	64.44	13.687	12.875	31.751	67.186	0.0914	1	65540	65541
2022-11-01 06:00:13	-146.46	766.5	64.79	13.625	12.812	31.714	67.233	0.0914	1	65540	65541
2022-11-01 06:10:14	-146.46	766.94	66.45	13.562	12.625	31.71	67.237	0.0914	1	65540	65541
2022-11-01 06:20:14	-146.46	767.12	67.87	13.5	12.562	31.847	67.066	0.1458	1	65542	65543
2022-11-01 06:30:14	-146.46	767.11	67.89	13.375	12.562	31.727	67.216	0.1186	1	65541	65542
2022-11-01 06:40:13	-146.46	767.38	68.63	13.437	12.375	31.724	67.221	0.0914	1	65540	65541
2022-11-01 06:50:13	-146.46	767.63	69.65	13.375	12.312	31.719	67.226	0.1186	1	65541	65542
2022-11-01 07:00:14	-146.46	767.64	69.64	13.375	12.25	31.718	67.227	0.1012	2	131077	131079
2022-11-01 07:10:13	-146.46	767.81	69.99	13.25	12.25	31.744	67.195	0.2764	6	393230	393236
2022-11-01 07:20:14	-146.46	767.69	70.3	13.187	12.25	31.742	67.198	1.6048	1	65539	65540
2022-11-01 07:30:15	-146.46	767.8	69.71	13.125	12.25	31.788	67.14	5.5488	6	393228	393234
2022-11-01 07:40:15	-146.46	768.17	70.5	13.187	12.125	31.773	67.159	15.776	20	1310756	1310776
2022-11-01 07:50:15	-146.46	768.39	71.38	13.187	12.062	31.791	67.136	34.0544	53	3473492	3473545
2022-11-01 08:00:16	-146.46	768.34	71.17	13.187	12.0	31.746	67.193	52.7136	82	5374082	5374164
2022-11-01 08:10:14	-146.46	768.37	70.96	13.25	12.062	31.764	67.17	70.6384	108	7078061	7078169
2022-11-01 08:20:13	-146.46	768.31	71.17	13.437	12.125	31.824	67.096	88.5632	134	8782040	8782174
2022-11-01 08:30:14	-146.46	768.25	70.6	13.562	12.25	31.733	67.208	104.0128	161	10551552	10551713
2022-11-01 08:40:14	-146.46	768.47	71.18	13.625	12.312	31.814	67.108	113.8864	168	11010323	11010491
2022-11-01 08:50:15	-146.46	768.52	71.15	13.625	12.375	31.717	67.229	125.528	185	12124463	12124648
2022-11-01 09:00:14	-146.46	768.67	71.74	13.625	12.437	31.768	67.165	134.5312	194	12714306	12714500
2022-11-01 09:10:14	-146.46	768.67	70.75	13.625	12.5	31.786	67.142	142.2288	206	13500757	13500963
2022-11-01 09:20:15	-146.46	768.61	70.38	13.687	12.687	31.736	67.205	148.2672	214	14025059	14025273
2022-11-01 09:30:14	-146.46	768.22	69.14	13.75	13.0	31.791	67.136	155.72	225	14745973	14746198
2022-11-01 09:40:15	-146.46	768.14	69.03	13.937	13.125	31.781	67.148	160.3984	233	15270273	15270506
2022-11-01 09:50:14	-146.46	768.07	68.91	14.0	13.25	31.74	67.199	164.3424	238	15597962	15598200
2022-11-01 10:00:14	-146.46	767.82	68.21	14.062	13.437	31.789	67.139	167.7968	241	15794577	15794818
2022-11-01 10:10:14	-146.46	767.7	67.52	14.125	13.625	31.764	67.17	169.1024	238	15597969	15598207
2022-11-01 10:20:14	-146.46	767.64	67.23	14.187	13.75	31.763	67.171	172.312	240	15729047	15729287
2022-11-01 10:30:14	-146.46	767.48	66.85	14.25	14.0	31.832	67.085	176.5008	246	16122273	16122519
2022-11-01 10:40:15	-146.46	767.67	65.7	14.25	14.0	31.832	67.085	180.2	250	16384425	16384675
2022-11-01 10:50:15	-146.46	767.41	64.68	14.187	14.187	31.778	67.152	183.6544	253	16581040	16581293
2022-11-01 11:00:15	-146.46	767.1	64.22	14.312	14.437	31.855	67.057	187.1632	259	16974265	16974524
2022-11-01 11:10:15	-146.46	767.11	63.59	14.437	14.562	31.761	67.174	185.8848	251	16449970	16450221
2022-11-01 11:20:14	-146.46	766.96	63.47	14.562	14.687	31.854	67.058	187.4896	252	16515509	16515761
2022-11-01 11:30:15	-146.46	766.73	62.88	14.625	14.937	31.775	67.156	194.1808	271	17760715	17760986
2022-11-01 11:40:14	-146.46	766.54	62.28	14.75	15.062	31.832	67.085	198.0432	284	18612697	18612981
2022-11-01 11:50:17	-146.46	766.42	61.32	14.875	15.125	31.784	67.145	202.776	295	19333607	19333902
2022-11-01 12:00:14	-146.46	766.15	60.18	15.062	15.375	31.865	67.044	209.032	315	20644349	20644664
2022-11-01 12:10:14	-146.46	765.99	59.24	15.187	15.562	31.855	67.056	256.0608	421	27591302	27591723
2022-11-01 12:20:15	-146.46	765.76	59.0	15.312	15.562	31.843	67.072	229.84	350	22938162	22938512
2022-11-01 12:30:17	-146.46	765.67	58.81	15.375	15.625	31.697	67.254	276.896	445	29164212	29164657
2022-11-01 12:40:16	-146.46	765.49	58.15	15.625	15.875	31.757	67.179	468.1392	854	55968979	55969833
2022-11-01 12:50:15	-146.46	765.56	59.26	15.687	15.687	31.727	67.216	233.7296	327	21430825	21431152
2022-11-01 13:00:15	-146.46	765.29	59.71	15.562	15.812	31.757	67.179	224.944	305	19989006	19989311
2022-11-01 13:10:15	-146.46	765.1	59.07	15.75	16.0	31.801	67.124	424.7552	774	50725984	50726758
2022-11-01 13:20:15	-146.46	764.89	58.85	16.25	16.125	31.744	67.195	459.5712	819	53675184	53676003
2022-11-01 13:30:16	-146.46	764.82	58.6	16.375	16.125	31.785	67.144	430.9568	791	51840116	51840907
2022-11-01 13:40:15	-146.46	764.79	58.94	16.437	16.125	31.825	67.093	399.4592	729	47776798	47777527
2022-11-01 13:50:15	-146.46	764.52	58.32	16.437	16.312	31.753	67.184	339.3744	603	39519093	39519696
2022-11-01 14:00:15	-146.46	764.5	57.49	16.75	16.5	31.774	67.158	352.376	595	38994819	38995414
2022-11-01 14:10:22	-146.46	764.28	57.33	16.562	16.375	31.81	67.113	471.104	830	54396104	54396934
2022-11-01 14:30:17	-146.46	764.12	54.42	16.562	16.562	31.763	67.172	443.6048	851	55772333	55773184
2022-11-01 14:40:15	-146.46	763.79	52.97	16.687	16.75	31.73	67.212	465.3104	873	57214171	57215044
2022-11-01 14:50:16	-146.46	764.15	53.48	16.687	16.437	31.8	67.125	315.3024	563	36897592	36898155
2022-11-01 15:00:15	-146.46	764.04	53.76	16.5	16.5	31.759	67.176	525.368	1135	74384859	74385994
2022-11-01 15:10:14	-146.46	764.04	53.38	16.562	16.562	31.744	67.195	368.3696	677	44368847	44369524
2022-11-01 15:20:18	-146.46	763.82	53.33	16.687	16.687	31.818	67.102	346.256	645	42271642	42272287
2022-11-01 15:30:17	-146.46	763.89	52.31	16.812	16.687	31.755	67.181	276.6512	494	32375507	32376001
2022-11-01 15:40:15	-146.46	763.63	52.45	16.937	16.812	31.784	67.144	359.312	715	46859226	46859941
2022-11-01 15:50:15	-146.46	763.26	51.09	17.062	17.187	31.794	67.132	478.856	1095	71763325	71764420
2022-11-01 16:00:15	-146.46	763.35	51.66	17.25	17.125	31.82	67.1	454.7568	1066	69862727	69863793
2022-11-01 16:10:16	-146.46	763.1	52.21	17.187	17.187	31.814	67.108	398.1808	950	62260397	62261347
2022-11-01 16:20:14	-146.46	763.27	52.91	16.937	16.937	31.747	67.191	341.088	835	54723596	54724431
2022-11-01 16:30:15	-146.46	763.61	54.85	16.75	16.625	31.805	67.119	125.7728	211	13828416	13828627
2022-11-01 16:40:14	-146.46	763.72	55.71	16.437	16.437	31.819	67.101	140.0256	297	19464588	19464885
2022-11-01 16:50:15	-146.46	763.65	56.07	16.312	16.375	31.699	67.252	134.8576	312	20447630	20447942
2022-11-01 17:00:15	-146.46	763.76	57.21	16.125	16.187	31.784	67.145	89.4608	196	12845313	12845509
2022-11-01 17:10:15	-146.46	763.93	57.57	15.937	16.125	31.744	67.194	52.1968	116	7602327	7602443
2022-11-01 17:20:15	-146.46	764.0	57.47	15.812	16.0	31.755	67.181	30.5456	72	4718683	4718755
2022-11-01 17:30:14	-146.46	764.12	57.27	15.687	15.937	31.799	67.127	8.1328	11	720915	720926
2022-11-01 17:40:15	-146.46	764.22	56.85	15.687	16.0	31.758	67.178	3.0192	4	262151	262155
2022-11-01 17:50:14	-146.46	764.26	56.52	15.687	16.0	31.783	67.146	0.9248	1	65538	65539
2022-11-01 18:00:15	-146.46	764.2	56.55	15.687	16.0	31.748	67.19	0.2666	5	327693	327698
2022-11-01 18:10:14	-146.46	764.33	56.51	15.687	16.0	31.75	67.188	0.1654	3	196616	196619
2022-11-01 18:20:14	-146.46	764.32	56.32	15.687	16.0	31.783	67.147	0.21	2	131081	131083
2022-11-01 18:30:14	-146.46	764.32	56.66	15.625	15.875	31.726	67.217	0.3112	4	262158	262162
2022-11-01 18:40:15	-146.46	764.5	57.03	15.562	15.812	31.758	67.177	0.1828	2	131080	131082
2022-11-01 18:50:14	-146.46	764.53	57.42	15.562	15.75	31.776	67.155	0.1828	2	131080	131082
2022-11-01 19:00:15	-146.46	764.51	57.76	15.562	15.75	31.776	67.155	0.1556	2	131079	131081
2022-11-01 19:10:15	-146.46	764.62	58.02	15.5	15.687	31.773	67.159	0.284	4	262157	262161
2022-11-01 19:20:15	-146.46	764.66	58.24	15.437	15.625	31.77	67.163	0.1828	2	131080	131082
2022-11-01 19:30:14	-146.46	764.77	58.35	15.437	15.562	31.759	67.176	0.1828	2	131080	131082
2022-11-01 19:40:15	-146.46	764.86	58.63	15.375	15.5	31.766	67.167	0.21	2	131081	131083
2022-11-01 19:50:15	-146.46	765.05	58.97	15.375	15.375	31.835	67.082	0.1828	2	131080	131082
