2021-08-01 00:00:23	19.59	1004.07	56.31	19.625	18.75	26.496	73.651	0.1284	2	131078	131080
2021-08-01 00:10:15	19.71	1004.19	56.73	19.625	18.937	26.467	73.686	0.1284	2	131078	131080
2021-08-01 00:30:14	19.76	1004.12	56.88	19.5	18.812	26.586	73.546	0.1284	2	131078	131080
2021-08-01 00:40:14	19.82	1004.17	57.21	19.562	18.937	26.55	73.589	0.1458	1	65542	65543
2021-08-01 00:50:14	19.49	1004.2	58.67	19.312	18.5	26.52	73.623	0.1186	1	65541	65542
2021-08-01 01:00:14	19.26	1004.26	59.96	19.125	18.375	26.925	73.147	0.1186	1	65541	65542
2021-08-01 01:10:14	19.11	1004.21	60.76	19.125	18.312	26.963	73.103	0.1186	1	65541	65542
2021-08-01 01:20:15	18.79	1004.28	61.89	19.0	18.125	26.874	73.207	0.1186	1	65541	65542
2021-08-01 01:30:15	18.7	1004.21	62.04	18.812	17.937	26.781	73.316	0.1186	1	65541	65542
2021-08-01 01:40:14	18.84	1004.03	61.71	18.75	18.0	26.882	73.198	0.1186	1	65541	65542
2021-08-01 01:50:15	19.08	1003.95	60.84	18.812	18.0	26.785	73.311	0.1186	1	65541	65542
2021-08-01 02:00:14	18.8	1003.96	61.52	18.875	18.062	26.833	73.255	0.1186	1	65541	65542
2021-08-01 02:10:15	18.96	1003.92	61.39	18.625	17.687	26.923	73.15	0.1186	1	65541	65542
2021-08-01 02:20:15	18.57	1003.94	62.76	18.437	17.5	26.831	73.258	0.1186	1	65541	65542
2021-08-01 02:30:14	18.72	1004.0	62.44	18.5	17.625	26.865	73.218	0.1186	1	65541	65542
2021-08-01 02:40:14	18.55	1003.97	63.36	18.437	17.5	26.845	73.241	0.1186	1	65541	65542
2021-08-01 02:50:15	18.12	1004.02	64.66	18.375	17.312	26.914	73.159	0.1186	1	65541	65542
2021-08-01 03:00:15	18.45	1003.97	63.54	18.437	17.375	26.951	73.117	0.1186	1	65541	65542
2021-08-01 03:10:14	18.43	1004.0	63.81	18.437	17.562	26.904	73.172	0.1186	1	65541	65542
2021-08-01 03:20:14	18.81	1004.03	62.53	18.562	17.812	26.871	73.211	0.1186	1	65541	65542
2021-08-01 03:30:14	18.36	1003.99	64.08	18.562	17.562	26.924	73.149	0.1186	1	65541	65542
2021-08-01 03:40:15	18.31	1004.06	63.93	18.562	17.5	26.925	73.147	0.1186	1	65541	65542
2021-08-01 03:50:14	18.55	1004.04	63.17	18.687	17.625	26.959	73.107	0.1186	1	65541	65542
2021-08-01 04:00:14	18.73	1003.96	62.25	18.562	17.562	26.937	73.133	0.1186	1	65541	65542
2021-08-01 04:10:14	18.6	1003.91	62.63	18.5	17.5	26.971	73.093	0.1186	1	65541	65542
2021-08-01 04:20:14	18.52	1003.92	62.8	18.5	17.562	26.864	73.219	0.1186	1	65541	65542
2021-08-01 04:30:15	18.1	1003.89	64.13	18.562	17.5	26.85	73.235	0.1186	1	65541	65542
2021-08-01 04:40:14	18.56	1003.82	63.01	18.437	17.437	26.883	73.196	0.1186	1	65541	65542
2021-08-01 04:50:14	18.24	1003.71	64.41	18.25	17.375	26.842	73.245	0.1186	1	65541	65542
2021-08-01 05:00:14	18.01	1003.9	65.54	18.0	17.375	26.839	73.248	0.1186	1	65541	65542
2021-08-01 05:10:14	17.75	1003.89	65.89	18.187	17.062	26.822	73.268	0.1186	1	65541	65542
2021-08-01 05:20:14	17.82	1003.9	65.49	18.187	17.062	26.856	73.228	0.1186	1	65541	65542
2021-08-01 05:30:15	17.59	1003.89	66.31	18.062	16.75	26.921	73.152	0.1012	2	131077	131079
2021-08-01 05:40:14	18.22	1003.78	63.88	18.125	17.187	26.884	73.195	0.1382	3	196615	196618
2021-08-01 05:50:14	17.92	1003.8	65.37	18.187	16.937	26.833	73.255	0.2861	7	458767	458774
2021-08-01 06:00:15	17.98	1003.8	64.71	18.125	16.937	26.889	73.189	0.9248	1	65538	65539
2021-08-01 06:10:14	17.83	1003.76	65.12	17.937	17.0	26.898	73.179	3.264	5	327688	327693
2021-08-01 06:20:15	18.28	1003.8	63.57	18.125	17.437	26.899	73.178	10.0912	19	1245211	1245230
2021-08-01 06:30:14	17.93	1003.79	64.9	18.0	17.0	26.863	73.221	26.0848	51	3342407	3342458
2021-08-01 06:40:14	17.61	1003.71	66.45	17.812	16.75	26.905	73.17	49.2864	93	6094980	6095073
2021-08-01 06:50:15	17.62	1003.79	66.33	17.75	16.812	26.852	73.233	76.0784	133	8716485	8716618
2021-08-01 07:00:14	17.78	1003.73	65.88	17.75	16.812	26.834	73.255	90.984	130	8519897	8520027
2021-08-01 07:10:14	17.25	1003.71	69.26	17.812	16.562	26.906	73.17	116.9872	164	10748181	10748345
2021-08-01 07:20:15	17.09	1003.79	71.05	17.562	16.375	26.838	73.25	137.8496	177	11600188	11600365
2021-08-01 07:30:15	17.1	1003.85	71.35	17.562	16.375	26.84	73.247	162.8464	218	14287227	14287445
2021-08-01 07:40:16	17.32	1003.87	70.8	17.75	16.562	26.844	73.243	186.4832	259	16974264	16974523
2021-08-01 07:50:14	17.14	1003.91	71.36	17.625	16.25	26.875	73.206	193.9632	234	15335859	15336093
